1 0.512216 0.613645 0.036021 0.019039
1 0.526033 0.502124 0.023833 0.014643
1 0.498736 0.721749 0.025754 0.019520
1 0.493598 0.680998 0.030891 0.021958
1 0.525393 0.588756 0.028971 0.021958
0 0.503874 0.543611 0.030891 0.023430
2 0.396288 0.424283 0.032820 0.027814
1 0.454741 0.614378 0.035397 0.018547
1 0.565215 0.462595 0.037966 0.016595
1 0.580632 0.417940 0.034100 0.019033
1 0.417808 0.536536 0.038598 0.019033
2 0.590908 0.363264 0.039238 0.023941
1 0.517042 0.654889 0.031540 0.015616
1 0.568748 0.494806 0.036037 0.015622
