1 0.540948 0.641773 0.026305 0.017328
1 0.522828 0.655656 0.019870 0.017543
1 0.486876 0.665979 0.023379 0.019988
2 0.396961 0.523796 0.020697 0.023873
2 0.621532 0.493260 0.022172 0.016472
2 0.484526 0.544064 0.023379 0.019988
2 0.385146 0.522131 0.020454 0.018695
1 0.424036 0.606573 0.023387 0.017100
1 0.472848 0.652211 0.021629 0.019101
1 0.447565 0.633113 0.023671 0.015105
1 0.489214 0.680970 0.023387 0.016656
2 0.637731 0.478122 0.024846 0.018510
2 0.637719 0.491401 0.024384 0.020893
0 0.518298 0.586373 0.031815 0.026096
1 0.486293 0.612568 0.024546 0.019323
