1 0.479627 0.521038 0.013922 0.017752
2 0.581094 0.431909 0.020308 0.012278
1 0.492111 0.749557 0.026848 0.022217
1 0.484060 0.709209 0.024457 0.015868
0 0.476892 0.411447 0.019473 0.021096
2 0.590725 0.475828 0.014708 0.014797
2 0.388225 0.340376 0.012010 0.015579
2 0.408323 0.256949 0.015332 0.012752
2 0.374449 0.343999 0.017196 0.018417
2 0.358290 0.296299 0.016775 0.010862
1 0.483910 0.626813 0.016410 0.013824
1 0.473918 0.546795 0.020284 0.024255
1 0.487788 0.688353 0.018201 0.015868
1 0.490920 0.660132 0.023266 0.017457
1 0.506135 0.610151 0.021475 0.018590
2 0.354874 0.285440 0.020300 0.012432
0 0.547212 0.552488 0.033371 0.014483
0 0.422618 0.402709 0.029417 0.016527
1 0.495693 0.725191 0.021483 0.020172
0 0.432249 0.356589 0.022585 0.015271
2 0.437528 0.262771 0.019060 0.015271
2 0.531584 0.366272 0.018647 0.011016
