1 0.514465 0.757500 0.028412 0.025049
2 0.467188 0.518750 0.023744 0.014963
2 0.425729 0.599535 0.027796 0.023023
2 0.399761 0.600302 0.035357 0.027635
1 0.534806 0.653026 0.036126 0.023454
1 0.435806 0.489523 0.021191 0.015363
1 0.494643 0.677014 0.024554 0.016527
1 0.507273 0.740711 0.025956 0.021324
1 0.480624 0.542965 0.021216 0.015733
2 0.471479 0.498796 0.027269 0.022642
1 0.508675 0.699135 0.030867 0.024514
1 0.456414 0.634372 0.030867 0.022389
1 0.501325 0.523008 0.020203 0.015733
0 0.459218 0.604603 0.030867 0.023454
