0 0.502200 0.599769 0.023266 0.031509
0 0.561442 0.508374 0.021475 0.028559
2 0.410113 0.343180 0.026126 0.023935
1 0.531317 0.580182 0.020186 0.016977
2 0.385053 0.350388 0.022553 0.011700
2 0.598412 0.265930 0.028282 0.018498
2 0.582119 0.267697 0.022909 0.025296
1 0.506637 0.743430 0.018817 0.013571
2 0.370737 0.322642 0.021831 0.019310
1 0.500604 0.624735 0.024919 0.024483
0 0.472994 0.597571 0.024757 0.031053
1 0.604562 0.436235 0.021475 0.028725
2 0.587492 0.304012 0.030786 0.023935
1 0.426503 0.495477 0.017609 0.025129
