0 0.546994 0.668396 0.031945 0.031016
0 0.375053 0.448984 0.034287 0.018534
0 0.514153 0.669825 0.046021 0.026028
1 0.605640 0.565748 0.032885 0.018220
1 0.377168 0.460034 0.038517 0.018541
0 0.429003 0.480890 0.023031 0.016755
1 0.361682 0.431158 0.038517 0.019963
1 0.468181 0.623125 0.031013 0.016041
2 0.402970 0.455052 0.031013 0.024255
1 0.488116 0.634711 0.031483 0.020677
0 0.490462 0.607084 0.032415 0.021743
1 0.514157 0.698165 0.043209 0.021392
1 0.463955 0.584286 0.031945 0.018214
1 0.406722 0.500511 0.038517 0.025345
1 0.590859 0.593713 0.039919 0.020677
1 0.490932 0.677309 0.027731 0.017463
0 0.486475 0.580523 0.037585 0.026379
0 0.453165 0.487127 0.015065 0.017826
0 0.439558 0.485523 0.019749 0.019606
