0 0.453246 0.397103 0.026345 0.019612
1 0.502666 0.435394 0.026823 0.014803
1 0.459088 0.426330 0.033152 0.018128
1 0.541130 0.590231 0.036572 0.014427
1 0.476617 0.475166 0.037058 0.028485
2 0.386297 0.258544 0.048250 0.022198
0 0.526524 0.570252 0.035592 0.025530
1 0.514838 0.701776 0.032674 0.018504
1 0.389218 0.282780 0.040462 0.015166
1 0.475154 0.522709 0.035105 0.019236
2 0.432062 0.335871 0.041434 0.023676
1 0.566937 0.536955 0.029757 0.012950
0 0.493659 0.407645 0.029263 0.021459
1 0.497310 0.716946 0.031702 0.019236
2 0.503886 0.334763 0.039976 0.022198
1 0.495600 0.585788 0.041929 0.016650
1 0.402362 0.314412 0.027804 0.015536
1 0.515324 0.636847 0.032674 0.019606
