1 0.508651 0.684270 0.036994 0.022001
2 0.566236 0.341038 0.041985 0.032999
1 0.517334 0.530807 0.039887 0.019803
2 0.594433 0.413368 0.036272 0.015948
1 0.494899 0.713701 0.036994 0.015948
1 0.445312 0.545382 0.034822 0.018153
1 0.469234 0.535483 0.031856 0.017050
1 0.496345 0.590760 0.035543 0.012100
1 0.451860 0.632017 0.033298 0.017605
2 0.477885 0.401546 0.040616 0.023103
1 0.568408 0.384215 0.031856 0.015954
1 0.586831 0.356441 0.032642 0.016502
2 0.490551 0.442248 0.044230 0.023103
1 0.501775 0.656770 0.043501 0.020905
1 0.542310 0.463150 0.033371 0.015400
1 0.500328 0.610841 0.040608 0.019255
