2 0.486434 0.466746 0.010389 0.016361
2 0.336491 0.320662 0.020778 0.016361
0 0.526519 0.635961 0.038598 0.040049
2 0.476045 0.465619 0.011880 0.020868
2 0.271912 0.328276 0.026726 0.019175
0 0.488290 0.634267 0.045284 0.045690
2 0.362804 0.345197 0.017147 0.015788
1 0.503509 0.664723 0.031183 0.034409
1 0.410348 0.465052 0.023015 0.018615
1 0.470105 0.563199 0.020778 0.026509
2 0.432990 0.467312 0.019303 0.026509
2 0.464907 0.466182 0.008906 0.014101
2 0.347626 0.330252 0.014846 0.008461
2 0.337938 0.340967 0.023833 0.012968
1 0.483464 0.606065 0.028209 0.028768
2 0.316078 0.335326 0.014100 0.017488
1 0.448209 0.533020 0.028947 0.036102
1 0.566232 0.602115 0.023015 0.023122
1 0.381029 0.411752 0.028201 0.018048
2 0.291580 0.329403 0.025981 0.019175
