1 0.430940 0.387909 0.027974 0.018183
1 0.470908 0.508156 0.027293 0.017876
1 0.573955 0.527971 0.030259 0.016890
1 0.438635 0.370163 0.026264 0.018183
0 0.535211 0.579061 0.032528 0.026410
2 0.466552 0.268417 0.046783 0.025111
1 0.430085 0.306302 0.043363 0.017752
1 0.432366 0.327303 0.030827 0.015591
1 0.441767 0.539446 0.027974 0.022512
2 0.457435 0.397654 0.039943 0.025542
1 0.548027 0.599190 0.033104 0.018183
0 0.492480 0.642054 0.034814 0.025117
0 0.506722 0.579923 0.033671 0.026410
1 0.506722 0.717605 0.018857 0.024680
0 0.522107 0.641623 0.031394 0.026841
1 0.491621 0.692928 0.019433 0.017752
2 0.362565 0.350031 0.040511 0.025542
0 0.559708 0.581222 0.027974 0.023812
