1 0.455636 0.298054 0.038679 0.018682
1 0.392261 0.336367 0.026451 0.018177
0 0.391953 0.365148 0.033614 0.024015
1 0.444627 0.370292 0.035624 0.019821
0 0.418039 0.356949 0.028590 0.020585
0 0.521135 0.576900 0.042139 0.034304
1 0.444380 0.270610 0.037123 0.016392
1 0.512853 0.705360 0.034619 0.019058
1 0.597387 0.526201 0.036118 0.018300
0 0.519878 0.640560 0.033614 0.030493
0 0.444627 0.299578 0.034619 0.021730
0 0.489275 0.641321 0.038630 0.029735
1 0.398558 0.413233 0.038201 0.016268
1 0.613165 0.497611 0.038679 0.017537
1 0.444874 0.385157 0.033104 0.017531
1 0.425814 0.540496 0.030105 0.019440
1 0.442370 0.327786 0.037123 0.020967
0 0.555247 0.579948 0.036118 0.030499
1 0.495798 0.688017 0.029603 0.025542
1 0.568537 0.592725 0.040640 0.020216
