0 0.477715 0.581890 0.022836 0.020924
2 0.523712 0.354828 0.035592 0.033165
0 0.532780 0.377537 0.028201 0.014286
1 0.386053 0.423713 0.034246 0.015813
1 0.485774 0.621432 0.029554 0.019390
1 0.508942 0.725271 0.031564 0.018879
1 0.403513 0.450757 0.032909 0.018879
1 0.544530 0.414784 0.036937 0.015308
2 0.386726 0.400496 0.031556 0.024489
2 0.479733 0.382383 0.029546 0.026022
1 0.553262 0.400496 0.028874 0.013270
1 0.518679 0.383913 0.030891 0.013775
1 0.495839 0.703328 0.025502 0.017863
1 0.495511 0.657919 0.030211 0.026022
1 0.506256 0.576530 0.035592 0.019390
2 0.548562 0.351004 0.020818 0.027549
1 0.504242 0.539794 0.038274 0.018368
