0 0.582002 0.438131 0.023582 0.015930
2 0.429514 0.503655 0.025284 0.011558
1 0.544530 0.459834 0.040875 0.016330
0 0.550032 0.439723 0.025673 0.021502
1 0.449680 0.556989 0.027253 0.022697
1 0.492913 0.604378 0.027771 0.013941
0 0.486621 0.621299 0.036159 0.023892
1 0.508108 0.641010 0.030916 0.013140
1 0.532739 0.591835 0.031961 0.015924
1 0.511779 0.653556 0.028825 0.013541
1 0.541645 0.513787 0.036159 0.014335
0 0.453071 0.594418 0.033047 0.023479
1 0.501297 0.719255 0.025673 0.018313
2 0.574400 0.427580 0.026207 0.015530
