1 0.507229 0.691007 0.034684 0.018824
1 0.495940 0.512799 0.031929 0.016312
1 0.418861 0.458414 0.023120 0.019661
0 0.520713 0.597928 0.033031 0.025105
2 0.524291 0.408424 0.043493 0.022586
2 0.538331 0.432060 0.031929 0.021336
1 0.505851 0.710249 0.031929 0.019661
1 0.502273 0.593953 0.026977 0.018830
2 0.558979 0.416789 0.035786 0.020917
1 0.493460 0.674901 0.030276 0.018411
2 0.427123 0.440009 0.036337 0.023011
0 0.549619 0.588307 0.034684 0.026773
0 0.518233 0.631604 0.035786 0.023849
1 0.436754 0.573248 0.026977 0.016730
