2 0.516588 0.408442 0.027763 0.016872
0 0.471767 0.630406 0.023793 0.022599
1 0.394425 0.566817 0.026175 0.015973
1 0.569931 0.491472 0.028160 0.013559
2 0.606625 0.398799 0.034903 0.022303
1 0.525908 0.689627 0.028947 0.018085
1 0.509246 0.448676 0.020227 0.014766
0 0.458485 0.633421 0.020227 0.019587
1 0.501714 0.691890 0.026572 0.015973
2 0.541572 0.323454 0.043630 0.027722
1 0.509250 0.488608 0.024190 0.011453
1 0.511629 0.717054 0.027374 0.015671
1 0.512622 0.631613 0.032520 0.015973
1 0.350596 0.477759 0.025778 0.013264
1 0.343857 0.459224 0.022609 0.013559
2 0.579453 0.411456 0.037674 0.019292
2 0.494571 0.343494 0.035300 0.023208
1 0.377569 0.529144 0.025786 0.015369
