2 0.484664 0.330434 0.016183 0.013701
1 0.466451 0.516583 0.019287 0.020160
2 0.486799 0.315834 0.020454 0.015499
0 0.530429 0.553359 0.026013 0.019477
0 0.519404 0.533430 0.028404 0.013781
1 0.506532 0.677691 0.022269 0.017438
0 0.546224 0.547214 0.024457 0.019181
2 0.462601 0.318538 0.021394 0.013701
1 0.497010 0.568688 0.024749 0.013067
1 0.482253 0.413461 0.020567 0.013202
2 0.522622 0.338728 0.013331 0.006484
1 0.522050 0.702306 0.027666 0.012309
1 0.396390 0.448556 0.012277 0.011398
1 0.486284 0.522829 0.022277 0.013331
2 0.354895 0.371358 0.012853 0.011176
2 0.568833 0.550453 0.020810 0.014156
2 0.524048 0.347020 0.015227 0.010813
1 0.374595 0.411041 0.025640 0.012303
1 0.512265 0.640514 0.028339 0.011792
