0 0.582395 0.592648 0.041742 0.026761
1 0.541633 0.510877 0.030656 0.015856
2 0.712840 0.373103 0.036524 0.017845
2 0.647946 0.407054 0.041094 0.019329
1 0.516199 0.680862 0.031961 0.017845
1 0.556078 0.601795 0.034473 0.020080
2 0.675660 0.394169 0.031305 0.018337
1 0.471848 0.507654 0.028039 0.016355
1 0.605839 0.436398 0.026653 0.013744
1 0.606528 0.534914 0.031305 0.014372
1 0.483262 0.563658 0.026086 0.016355
1 0.682832 0.407512 0.035162 0.011502
1 0.552885 0.580511 0.031653 0.017254
2 0.655312 0.460043 0.031969 0.014150
1 0.662293 0.438768 0.031961 0.016355
1 0.577658 0.568341 0.034506 0.023528
0 0.534242 0.479572 0.017269 0.016250
1 0.507391 0.724720 0.027391 0.015363
