1 0.434003 0.509393 0.042366 0.028787
2 0.397014 0.389372 0.010138 0.010431
2 0.375981 0.385406 0.011637 0.011108
1 0.529315 0.552916 0.018193 0.017001
1 0.461896 0.547931 0.027747 0.025616
1 0.475320 0.590206 0.038485 0.030376
1 0.506495 0.698781 0.045340 0.043978
2 0.335859 0.356955 0.013128 0.015413
1 0.409692 0.469387 0.026548 0.024932
2 0.393582 0.373618 0.022366 0.017001
1 0.498886 0.662060 0.043849 0.023122
2 0.324672 0.357183 0.018793 0.010881
2 0.319153 0.366703 0.029230 0.011336
1 0.604040 0.537389 0.021483 0.017229
2 0.460855 0.422919 0.014319 0.013153
2 0.382990 0.381324 0.013728 0.014286
