1 0.507399 0.641884 0.031394 0.015369
2 0.468282 0.627488 0.013323 0.010690
2 0.546815 0.556829 0.014100 0.011872
0 0.490555 0.627189 0.010981 0.009501
2 0.421102 0.517608 0.021329 0.011213
1 0.493845 0.744741 0.019846 0.014249
1 0.580324 0.518916 0.017763 0.008313
1 0.527966 0.610160 0.021410 0.014249
2 0.457147 0.621995 0.016840 0.009200
2 0.565377 0.563658 0.021532 0.010690
2 0.541734 0.549110 0.016451 0.010683
1 0.593865 0.493584 0.032350 0.009101
1 0.393683 0.529243 0.016572 0.008251
1 0.498481 0.672146 0.035746 0.017962
