1 0.472731 0.535576 0.034279 0.013023
1 0.559141 0.380964 0.022934 0.013504
2 0.583788 0.404455 0.041742 0.021521
1 0.491730 0.614021 0.036524 0.021527
1 0.469745 0.574938 0.035778 0.018128
1 0.448225 0.571515 0.024652 0.013067
1 0.443643 0.477654 0.025794 0.013498
1 0.514096 0.527361 0.038015 0.019255
2 0.471981 0.419181 0.037269 0.023793
2 0.501791 0.449212 0.044716 0.020419
1 0.502399 0.658627 0.034392 0.016552
2 0.441041 0.511219 0.035032 0.019828
1 0.553412 0.419507 0.029806 0.013067
1 0.456698 0.492248 0.042488 0.015862
1 0.544238 0.459578 0.026370 0.012198
2 0.561053 0.356595 0.039514 0.017562
