1 0.483371 0.584942 0.022885 0.015462
1 0.404190 0.412004 0.024019 0.016619
2 0.549388 0.585320 0.037771 0.018485
1 0.499254 0.670188 0.027844 0.015462
0 0.618501 0.476733 0.024441 0.015659
1 0.464506 0.545151 0.022885 0.017346
0 0.616398 0.483919 0.026118 0.017900
1 0.456564 0.504227 0.023874 0.019994
1 0.480887 0.452928 0.032812 0.014711
2 0.384627 0.385317 0.032010 0.019501
0 0.654623 0.452740 0.027853 0.017352
1 0.483124 0.614741 0.023379 0.019988
1 0.613671 0.542888 0.028347 0.014335
0 0.676580 0.454631 0.020843 0.014606
0 0.642269 0.477050 0.024862 0.014384
2 0.403764 0.393467 0.028225 0.020456
0 0.650069 0.488882 0.029522 0.020794
1 0.449368 0.472731 0.025365 0.016595
1 0.563286 0.605499 0.028841 0.017352
1 0.429761 0.446515 0.027853 0.016219
1 0.650405 0.496118 0.027358 0.015844
0 0.693586 0.453716 0.024854 0.015659
