1 0.492735 0.539550 0.027755 0.023436
1 0.458428 0.406863 0.037780 0.035733
1 0.516159 0.561555 0.031459 0.033036
1 0.641536 0.352672 0.018501 0.023436
0 0.500280 0.521509 0.019814 0.025222
2 0.651775 0.306275 0.024408 0.022451
2 0.406965 0.305179 0.015713 0.015530
1 0.620717 0.434689 0.040089 0.037494
1 0.509218 0.670517 0.028679 0.026010
1 0.504190 0.692331 0.023647 0.019661
2 0.380178 0.298476 0.018509 0.013565
0 0.483683 0.517851 0.024092 0.024409
2 0.679084 0.307007 0.025057 0.027833
1 0.568432 0.501099 0.024984 0.030228
1 0.638452 0.388408 0.021588 0.022260
0 0.513663 0.520289 0.026240 0.032549
1 0.547666 0.528396 0.018784 0.017999
2 0.713464 0.360376 0.024173 0.024483
