1 0.469615 0.526398 0.026491 0.013177
1 0.501402 0.600693 0.023598 0.016102
1 0.503088 0.520357 0.031783 0.011342
0 0.538489 0.617891 0.022634 0.021225
0 0.435900 0.427214 0.020713 0.016102
2 0.418318 0.432703 0.021191 0.015369
1 0.463108 0.484674 0.034676 0.016108
1 0.509105 0.651746 0.017820 0.015733
0 0.429635 0.442038 0.023598 0.017931
1 0.508387 0.556955 0.026013 0.015006
1 0.578947 0.608193 0.027455 0.012075
1 0.483821 0.491262 0.023120 0.013177
0 0.508387 0.479369 0.020227 0.017198
1 0.469133 0.502060 0.018784 0.012075
0 0.452755 0.436730 0.016856 0.016835
1 0.511276 0.624113 0.018306 0.013177
0 0.487192 0.476989 0.021191 0.016835
1 0.450101 0.459236 0.029862 0.015739
1 0.520446 0.726404 0.025008 0.015739
0 0.526207 0.622648 0.017342 0.021958
