0 0.469344 0.706358 0.046143 0.039538
0 0.476588 0.573664 0.031653 0.028534
1 0.508294 0.726847 0.033898 0.020948
2 0.548367 0.490055 0.025746 0.027722
1 0.463027 0.586573 0.017885 0.013873
1 0.531580 0.573553 0.023841 0.020665
0 0.513606 0.688214 0.032723 0.026897
0 0.502326 0.705326 0.043485 0.031010
1 0.503639 0.618707 0.029806 0.022081
1 0.485008 0.648147 0.024587 0.018682
2 0.527820 0.489689 0.025754 0.023639
1 0.535425 0.561733 0.023622 0.015807
1 0.476442 0.593368 0.032788 0.026330
1 0.489668 0.676170 0.026451 0.020382
0 0.433128 0.554098 0.035948 0.029353
1 0.582229 0.499855 0.021426 0.018873
1 0.437694 0.568174 0.036507 0.016706
0 0.517091 0.579372 0.024684 0.023645
