1 0.534834 0.534126 0.026848 0.024483
0 0.375113 0.560896 0.026548 0.016546
0 0.462374 0.626404 0.032512 0.029926
1 0.511418 0.586487 0.029530 0.026743
0 0.492500 0.418768 0.026848 0.032869
2 0.530118 0.326105 0.027447 0.014280
0 0.406438 0.535850 0.027139 0.027204
2 0.346507 0.305477 0.022966 0.017457
0 0.472216 0.426364 0.026248 0.026743
2 0.575312 0.346847 0.022374 0.016773
1 0.500823 0.630576 0.027447 0.029243
0 0.383618 0.544803 0.030429 0.027426
1 0.511414 0.712632 0.018793 0.021533
1 0.504109 0.681804 0.022674 0.022438
0 0.427322 0.539587 0.030721 0.034680
2 0.553537 0.347414 0.015211 0.015640
2 0.312950 0.337555 0.016110 0.011786
0 0.380190 0.568147 0.022374 0.013374
2 0.322942 0.331432 0.017002 0.010881
1 0.530061 0.467823 0.029230 0.033319
