2 0.298339 0.432759 0.023096 0.014901
1 0.560494 0.477112 0.028606 0.017278
1 0.517099 0.570905 0.029498 0.018534
1 0.329392 0.562100 0.026694 0.015456
0 0.587464 0.380240 0.014019 0.017919
0 0.525389 0.547632 0.026532 0.020757
2 0.278687 0.433180 0.017018 0.016484
1 0.618849 0.351398 0.007196 0.010628
0 0.248160 0.438156 0.027504 0.018676
2 0.482050 0.632127 0.026175 0.015733
0 0.266451 0.435311 0.018476 0.018898
2 0.456317 0.649763 0.021386 0.017716
1 0.503169 0.604772 0.019579 0.017007
1 0.221596 0.432531 0.024716 0.018387
1 0.551864 0.524652 0.025932 0.017531
0 0.474149 0.277494 0.030308 0.024200
1 0.565559 0.430403 0.029822 0.023245
2 0.457143 0.634443 0.025908 0.018393
1 0.494303 0.450280 0.037002 0.022358
1 0.605851 0.388439 0.017212 0.011238
2 0.198201 0.379039 0.020551 0.014852
0 0.514007 0.339877 0.039733 0.014236
1 0.487439 0.675927 0.027066 0.019834
2 0.458752 0.197639 0.025932 0.016336
0 0.555612 0.542127 0.028647 0.021447
1 0.505972 0.642438 0.025981 0.013325
2 0.221738 0.376487 0.019408 0.018738
1 0.482743 0.646324 0.023671 0.012845
2 0.204907 0.388547 0.023914 0.019951
2 0.622042 0.328910 0.020746 0.017796
2 0.561293 0.379942 0.012828 0.010622
0 0.570085 0.382060 0.010429 0.011841
1 0.465158 0.388467 0.033865 0.011786
1 0.448768 0.279329 0.029854 0.017525
2 0.442553 0.204615 0.029481 0.014526
1 0.267593 0.509584 0.026418 0.015486
1 0.454741 0.224938 0.033793 0.016256
1 0.241199 0.456121 0.027164 0.013103
2 0.508752 0.282635 0.029822 0.018103
