1 0.621669 0.357962 0.040259 0.020074
1 0.639911 0.313513 0.042771 0.019119
1 0.371969 0.453067 0.030178 0.017204
1 0.498703 0.681758 0.038363 0.023417
1 0.524806 0.637789 0.030194 0.020554
2 0.664125 0.267155 0.045916 0.024852
0 0.558485 0.406583 0.030438 0.022525
1 0.505620 0.725012 0.030818 0.021983
2 0.319133 0.331675 0.049060 0.034409
0 0.541475 0.568488 0.039627 0.025326
1 0.337686 0.366564 0.032083 0.024852
0 0.484866 0.635637 0.035859 0.031546
1 0.593951 0.417448 0.034141 0.013676
1 0.566317 0.472903 0.047804 0.018639
1 0.538643 0.584258 0.039003 0.021509
0 0.462536 0.639221 0.031442 0.028196
2 0.579214 0.337885 0.059757 0.033454
1 0.572293 0.388070 0.029562 0.018159
2 0.304980 0.357001 0.044660 0.024852
2 0.534874 0.390687 0.044044 0.022482
