1 0.465085 0.486228 0.028339 0.020179
1 0.495960 0.673350 0.023865 0.022217
1 0.532658 0.549132 0.025057 0.025837
2 0.495814 0.369489 0.009246 0.010653
1 0.545036 0.473876 0.022974 0.023578
1 0.467776 0.565225 0.028339 0.026299
1 0.447042 0.449960 0.035203 0.024255
1 0.488209 0.617020 0.041167 0.032414
1 0.494441 0.706422 0.023274 0.017229
0 0.528614 0.582700 0.040000 0.026065
1 0.451969 0.396666 0.021961 0.024083
0 0.518156 0.575179 0.028339 0.021305
0 0.525494 0.604464 0.030130 0.025160
2 0.491637 0.316789 0.017601 0.013602
2 0.539068 0.328688 0.016402 0.015640
0 0.480900 0.516853 0.041167 0.029470
1 0.495365 0.745542 0.021475 0.025616
0 0.557682 0.602038 0.037585 0.029692
