2 0.464048 0.451413 0.015470 0.015991
0 0.452662 0.484868 0.028776 0.025462
2 0.331953 0.352020 0.026207 0.017623
1 0.608898 0.596259 0.024700 0.016866
0 0.431613 0.472956 0.026207 0.018608
0 0.592954 0.632405 0.020041 0.027642
0 0.604814 0.621124 0.021491 0.020868
1 0.518902 0.733214 0.031499 0.027746
2 0.263651 0.293100 0.018468 0.011422
1 0.406102 0.478885 0.032934 0.025296
2 0.327743 0.337331 0.020624 0.015991
1 0.515466 0.702340 0.038306 0.027746
2 0.479943 0.463325 0.014603 0.018929
1 0.532293 0.652836 0.036872 0.029378
1 0.476268 0.543624 0.040802 0.023122
2 0.229072 0.289021 0.017188 0.013707
2 0.349996 0.345329 0.019327 0.016644
1 0.318934 0.385040 0.039019 0.026927
2 0.222626 0.305179 0.016321 0.015345
