0 0.497099 0.496395 0.039919 0.026829
0 0.499656 0.414178 0.041629 0.021632
1 0.464919 0.420668 0.022269 0.011250
1 0.452391 0.495530 0.029109 0.018177
0 0.518452 0.623621 0.037066 0.034618
1 0.522439 0.510890 0.026823 0.014280
1 0.485138 0.474541 0.029676 0.020339
1 0.581949 0.599603 0.029668 0.014280
1 0.498833 0.560659 0.030746 0.022069
1 0.419647 0.407038 0.021694 0.018608
1 0.550628 0.416339 0.031953 0.013849
0 0.430182 0.363547 0.024546 0.016441
1 0.391742 0.364631 0.030810 0.021207
0 0.490259 0.622752 0.035365 0.027697
1 0.492824 0.679224 0.027966 0.017746
0 0.458938 0.497909 0.035365 0.023799
1 0.500227 0.447712 0.039352 0.014280
1 0.558886 0.639631 0.024546 0.012118
1 0.542370 0.658885 0.029100 0.012549
0 0.537528 0.625351 0.035365 0.032020
