1 0.518294 0.680526 0.026848 0.025844
2 0.608626 0.352589 0.010154 0.013381
1 0.511313 0.648972 0.036515 0.026933
1 0.417164 0.443060 0.025057 0.013325
2 0.642391 0.393439 0.043712 0.022666
0 0.556600 0.501542 0.021840 0.016595
2 0.371114 0.408710 0.017820 0.010388
2 0.512917 0.497962 0.020097 0.016059
1 0.526528 0.578793 0.030429 0.028559
2 0.497107 0.493036 0.015332 0.017155
2 0.411094 0.407371 0.019887 0.018732
1 0.604210 0.453805 0.025421 0.027746
2 0.424870 0.416659 0.010567 0.009920
1 0.555705 0.543568 0.036515 0.032642
2 0.450559 0.408867 0.026726 0.016367
2 0.621779 0.354086 0.014498 0.013849
