1 0.469311 0.472694 0.027585 0.016853
1 0.521475 0.654480 0.027585 0.021410
1 0.495093 0.657669 0.029976 0.015031
0 0.549656 0.535794 0.033574 0.022783
1 0.521175 0.531238 0.037780 0.017315
1 0.510381 0.721225 0.023387 0.015493
1 0.512180 0.616893 0.030583 0.026422
1 0.508582 0.474289 0.030583 0.016398
1 0.579036 0.565865 0.035981 0.017309
1 0.482500 0.534427 0.028776 0.022783
1 0.503784 0.677260 0.025786 0.020505
1 0.517277 0.380434 0.034781 0.015486
0 0.515478 0.581810 0.031183 0.020961
1 0.485498 0.325080 0.038371 0.018682
0 0.546957 0.592974 0.037771 0.019594
0 0.540660 0.581583 0.039571 0.027796
1 0.515178 0.428045 0.037780 0.012297
