2 0.526329 0.392983 0.019773 0.025930
2 0.427046 0.447491 0.028404 0.021866
2 0.529206 0.364711 0.031280 0.015616
1 0.423140 0.508251 0.041159 0.024052
1 0.503100 0.740668 0.020186 0.016558
1 0.520389 0.720049 0.037407 0.017808
1 0.438760 0.541521 0.041977 0.023744
2 0.436912 0.570730 0.023468 0.030302
1 0.509903 0.651638 0.036175 0.024052
2 0.501661 0.386265 0.030470 0.011866
1 0.512147 0.481385 0.027585 0.019680
1 0.535989 0.423439 0.049789 0.020622
1 0.502277 0.576509 0.058006 0.023744
2 0.456232 0.565887 0.018541 0.028744
