1 0.546074 0.503113 0.033979 0.023381
2 0.505365 0.382050 0.035900 0.021921
0 0.537099 0.455613 0.036548 0.025819
1 0.476191 0.445628 0.027569 0.014618
1 0.612751 0.382783 0.033979 0.017537
0 0.520109 0.583008 0.030770 0.026312
1 0.480681 0.486062 0.027569 0.018516
0 0.591917 0.382540 0.029489 0.022900
2 0.483566 0.370850 0.043598 0.020948
1 0.481001 0.397398 0.032050 0.014612
1 0.523639 0.670942 0.028849 0.019975
0 0.495746 0.584957 0.028217 0.026305
1 0.568833 0.460973 0.041037 0.019002
1 0.598327 0.406900 0.041029 0.018996
1 0.511451 0.423464 0.028849 0.017050
1 0.515940 0.699683 0.027569 0.019969
2 0.653144 0.348436 0.031410 0.021921
1 0.521394 0.611995 0.034619 0.020948
