1 0.507796 0.706395 0.029352 0.017839
2 0.484502 0.445973 0.020041 0.009520
1 0.500028 0.679831 0.029344 0.018233
2 0.494344 0.433596 0.016110 0.011429
1 0.485758 0.661133 0.026135 0.015505
2 0.438144 0.573273 0.012528 0.007346
1 0.481467 0.475653 0.015365 0.014951
1 0.472147 0.632084 0.030211 0.019809
1 0.508485 0.657321 0.012885 0.009520
2 0.419352 0.570416 0.020762 0.009797
2 0.459019 0.452044 0.011929 0.011281
1 0.466710 0.511530 0.029352 0.020068
1 0.475511 0.544390 0.020713 0.020197
1 0.472751 0.608602 0.024854 0.017451
