2 0.470920 0.603611 0.017318 0.017863
2 0.492265 0.602672 0.020413 0.022562
1 0.430750 0.630462 0.022374 0.021983
1 0.506374 0.752094 0.019684 0.013374
1 0.466548 0.670810 0.022966 0.018812
1 0.446414 0.645308 0.017301 0.016773
0 0.481094 0.625231 0.030373 0.023504
2 0.448343 0.614655 0.017934 0.016453
2 0.526872 0.647087 0.018006 0.013633
1 0.412403 0.569147 0.034011 0.044883
2 0.512366 0.649203 0.011135 0.013159
1 0.531135 0.568353 0.025656 0.021533
0 0.488549 0.659310 0.030308 0.028670
1 0.499218 0.702318 0.030429 0.036496
