1 0.347135 0.479156 0.027788 0.022414
0 0.476248 0.646586 0.022869 0.021533
0 0.493452 0.645379 0.015640 0.021755
1 0.296094 0.387309 0.032123 0.016700
1 0.484923 0.592974 0.033865 0.017143
1 0.500393 0.706244 0.021434 0.016921
1 0.485211 0.679988 0.033857 0.025049
2 0.339712 0.294409 0.043590 0.029212
2 0.321337 0.365717 0.039627 0.034366
1 0.330810 0.430597 0.024003 0.015382
1 0.373736 0.355779 0.039352 0.019119
2 0.419704 0.317602 0.039635 0.030930
2 0.357800 0.392780 0.043590 0.029206
2 0.535960 0.565179 0.017382 0.012968
2 0.379376 0.335677 0.025186 0.020653
1 0.440968 0.425982 0.025762 0.014058
1 0.552877 0.645160 0.021135 0.013842
0 0.462366 0.646696 0.019400 0.021312
0 0.434461 0.386324 0.029522 0.019557
1 0.401641 0.414557 0.021143 0.014938
2 0.504007 0.553642 0.032131 0.011866
0 0.509210 0.642192 0.024028 0.026810
