1 0.519100 0.360841 0.025203 0.018713
1 0.533132 0.420683 0.028063 0.019150
1 0.450369 0.542756 0.029781 0.017839
0 0.528262 0.576703 0.026345 0.027420
0 0.576090 0.574089 0.031499 0.025677
1 0.472711 0.595631 0.030932 0.018282
1 0.489891 0.636105 0.037804 0.020018
1 0.555470 0.303396 0.037229 0.019587
1 0.413432 0.442442 0.032650 0.018282
1 0.547443 0.474646 0.036070 0.015671
2 0.565207 0.350397 0.036086 0.021324
1 0.538286 0.598026 0.039522 0.019587
2 0.549169 0.268581 0.039522 0.023060
0 0.551463 0.577571 0.029214 0.024809
2 0.507362 0.285336 0.042958 0.024366
2 0.417439 0.392833 0.044100 0.021749
