1 0.552763 0.650844 0.026353 0.011318
1 0.416985 0.501111 0.026953 0.018282
1 0.461528 0.584901 0.018647 0.020456
2 0.443481 0.476299 0.016929 0.018719
1 0.525843 0.681749 0.019481 0.010012
0 0.492318 0.601659 0.022366 0.014366
1 0.447062 0.547688 0.022942 0.019587
0 0.513938 0.665862 0.019789 0.019581
0 0.542439 0.663904 0.013776 0.016539
2 0.384194 0.459541 0.036410 0.016977
1 0.471264 0.619942 0.026661 0.014797
2 0.430020 0.473254 0.016361 0.016102
0 0.530267 0.664449 0.016353 0.018935
1 0.491888 0.638328 0.026661 0.017629
1 0.603602 0.613300 0.015178 0.013276
1 0.584125 0.618199 0.019190 0.016977
1 0.512237 0.697854 0.027780 0.012186
