0 0.530280 0.575456 0.024157 0.019052
1 0.617111 0.433969 0.023703 0.015930
0 0.561272 0.571989 0.025073 0.019741
1 0.461451 0.453538 0.029627 0.018356
0 0.498825 0.630006 0.018687 0.018707
1 0.429311 0.401927 0.036467 0.016970
0 0.477172 0.631912 0.021880 0.018356
1 0.464639 0.485403 0.027804 0.020437
1 0.504980 0.692004 0.022796 0.026324
1 0.540081 0.611130 0.025527 0.018356
1 0.487885 0.551903 0.032366 0.019741
2 0.440936 0.359329 0.038744 0.028054
1 0.535292 0.631392 0.024165 0.014544
2 0.639449 0.407645 0.041021 0.026324
1 0.500421 0.739110 0.026434 0.015930
1 0.567658 0.530256 0.036013 0.018011
