1 0.453083 0.385582 0.029862 0.014945
2 0.442277 0.549033 0.048379 0.030037
1 0.516981 0.714729 0.038274 0.024778
1 0.445417 0.510650 0.038339 0.019070
1 0.558367 0.565243 0.038339 0.018590
1 0.591625 0.483947 0.043363 0.020025
1 0.511929 0.649877 0.045867 0.021933
1 0.422929 0.318334 0.029862 0.017432
1 0.492792 0.678245 0.037707 0.025271
1 0.566163 0.534397 0.036410 0.021170
1 0.596017 0.443658 0.053395 0.022414
1 0.468160 0.494421 0.033144 0.013448
1 0.455454 0.550225 0.053404 0.023836
1 0.480243 0.616740 0.052771 0.022408
1 0.457998 0.446228 0.027245 0.017679
