0 0.579700 0.557712 0.013874 0.012937
2 0.468387 0.451216 0.023728 0.018220
0 0.569331 0.560702 0.012585 0.013042
1 0.526831 0.654206 0.026694 0.020283
2 0.497030 0.418987 0.017301 0.015967
2 0.411017 0.457112 0.015324 0.012586
1 0.525049 0.738448 0.030259 0.015148
0 0.515032 0.623180 0.037196 0.032297
1 0.538395 0.508168 0.019222 0.017038
1 0.468991 0.528584 0.014238 0.015690
1 0.530207 0.678950 0.032747 0.017309
1 0.474506 0.559954 0.019579 0.018393
0 0.550462 0.628227 0.037196 0.028941
1 0.537694 0.541022 0.024173 0.019470
