2 0.581536 0.280927 0.021045 0.017629
2 0.622342 0.322220 0.028784 0.015339
2 0.592917 0.273094 0.024911 0.019587
0 0.503290 0.597087 0.021135 0.025690
2 0.600004 0.313732 0.025340 0.019261
0 0.558339 0.510231 0.014182 0.023824
1 0.449874 0.552666 0.045535 0.025135
1 0.501422 0.744267 0.039522 0.032968
0 0.577241 0.518538 0.018468 0.017001
2 0.394672 0.359920 0.019327 0.012401
2 0.387152 0.346863 0.023201 0.015671
2 0.410778 0.346700 0.019757 0.014692
0 0.475701 0.595200 0.026102 0.028331
2 0.595494 0.299532 0.024052 0.016318
1 0.501422 0.624477 0.034368 0.029704
