1 0.470336 0.544304 0.025519 0.015591
1 0.449822 0.480699 0.027164 0.021829
1 0.579072 0.523725 0.031272 0.016835
1 0.421917 0.479452 0.023882 0.016835
2 0.432176 0.449206 0.026345 0.022451
1 0.555685 0.600114 0.025519 0.016213
1 0.472391 0.601050 0.029627 0.019329
0 0.460077 0.576422 0.027982 0.021195
1 0.517524 0.731687 0.027982 0.021207
1 0.445304 0.537445 0.027982 0.016835
0 0.437099 0.580157 0.032901 0.024945
1 0.524911 0.663719 0.029627 0.017463
0 0.510158 0.627534 0.037869 0.028713
1 0.455563 0.517180 0.028809 0.018707
