2 0.592350 0.312001 0.014230 0.014101
1 0.504818 0.555009 0.035875 0.029144
2 0.665964 0.280277 0.017942 0.010813
0 0.566062 0.487325 0.018558 0.030080
2 0.618643 0.309418 0.016086 0.015511
2 0.663177 0.399193 0.016078 0.013633
0 0.512241 0.479569 0.023509 0.036195
0 0.633793 0.399898 0.030308 0.037605
1 0.506677 0.680979 0.022269 0.024446
0 0.618639 0.329393 0.021037 0.026324
2 0.648019 0.278633 0.012990 0.011281
2 0.720089 0.398959 0.011135 0.015037
0 0.492451 0.472990 0.021029 0.035252
1 0.491207 0.636795 0.025981 0.038541
2 0.725032 0.405305 0.011135 0.015511
0 0.529562 0.466407 0.032172 0.029612
2 0.635960 0.304717 0.013606 0.020209
2 0.658537 0.267820 0.026605 0.017857
2 0.695960 0.389326 0.016086 0.023972
2 0.679571 0.280745 0.015462 0.014569
2 0.631937 0.275342 0.022885 0.013159
0 0.535438 0.627395 0.037731 0.037599
