2 0.474218 0.357438 0.013671 0.007401
2 0.433314 0.319997 0.010194 0.010203
1 0.550036 0.557900 0.035567 0.030948
0 0.484364 0.584064 0.039522 0.019914
1 0.542820 0.599615 0.021135 0.018799
0 0.498112 0.603162 0.038655 0.026115
2 0.455470 0.364350 0.012431 0.008504
0 0.525818 0.604794 0.030502 0.031989
2 0.423367 0.323020 0.007707 0.007555
1 0.560089 0.496013 0.030924 0.045043
0 0.479210 0.573947 0.033509 0.017956
1 0.562152 0.388103 0.025778 0.024286
2 0.532200 0.320055 0.015162 0.007180
2 0.571155 0.321225 0.019392 0.012278
1 0.477354 0.535576 0.027318 0.029378
1 0.511633 0.668747 0.032990 0.037211
2 0.471321 0.371604 0.012431 0.006139
2 0.445989 0.295345 0.023614 0.008879
2 0.410438 0.320092 0.016159 0.011145
