1 0.481118 0.629332 0.019643 0.014169
0 0.443428 0.650249 0.033112 0.021078
2 0.479623 0.526952 0.016653 0.010764
2 0.377699 0.300089 0.016159 0.012654
0 0.470575 0.643291 0.031621 0.024711
1 0.503493 0.419187 0.016159 0.019643
2 0.388270 0.338716 0.009943 0.012087
0 0.545750 0.549948 0.041467 0.021755
2 0.428290 0.388679 0.014425 0.015302
2 0.451908 0.387075 0.016410 0.015493
1 0.495656 0.727463 0.027844 0.024175
2 0.565891 0.462728 0.014668 0.012278
2 0.378323 0.319923 0.017407 0.007371
2 0.577447 0.465560 0.011929 0.015677
2 0.379194 0.323322 0.018144 0.006607
2 0.396965 0.330785 0.011434 0.017001
1 0.497026 0.609877 0.028088 0.018325
2 0.438610 0.384618 0.017156 0.015493
1 0.485964 0.712257 0.022366 0.018701
2 0.382796 0.329840 0.021880 0.015111
1 0.488699 0.690816 0.020883 0.014735
1 0.434259 0.446857 0.034303 0.020967
