2 0.425746 0.521616 0.024214 0.013775
1 0.531276 0.612134 0.034141 0.015745
1 0.471933 0.606724 0.025940 0.016724
2 0.575750 0.445853 0.022083 0.011804
0 0.458335 0.594917 0.026378 0.020006
1 0.503217 0.694455 0.028088 0.016398
2 0.581994 0.478815 0.021621 0.013442
1 0.510348 0.649523 0.040616 0.020339
1 0.482289 0.626071 0.019036 0.016724
1 0.553509 0.479470 0.024214 0.011478
0 0.494376 0.619514 0.020762 0.021970
1 0.447759 0.561629 0.020754 0.018368
1 0.437832 0.527192 0.022488 0.009840
1 0.545750 0.561789 0.025049 0.020006
