2 0.481888 0.390194 0.033679 0.017408
1 0.492326 0.655212 0.044457 0.024317
1 0.464708 0.480924 0.035705 0.022266
2 0.456961 0.365369 0.037050 0.016379
1 0.416374 0.351293 0.020543 0.012796
1 0.479364 0.575490 0.029976 0.025597
2 0.481212 0.401841 0.029635 0.012032
0 0.519275 0.635887 0.033006 0.019963
1 0.552958 0.667497 0.035705 0.016127
2 0.459319 0.350142 0.028298 0.012537
1 0.448035 0.421290 0.029976 0.018171
1 0.485255 0.525582 0.038404 0.020474
2 0.657366 0.439206 0.021556 0.017660
2 0.448035 0.346173 0.025259 0.013824
2 0.690377 0.430376 0.039749 0.020985
1 0.671515 0.465567 0.028963 0.015616
1 0.609878 0.588156 0.035705 0.020733
1 0.626552 0.542728 0.025259 0.012796
0 0.504789 0.625779 0.028963 0.024317
2 0.650802 0.452771 0.024587 0.013054
