2 0.478452 0.359883 0.017536 0.015776
0 0.466714 0.476281 0.019182 0.033374
0 0.559814 0.636090 0.028460 0.042771
1 0.503181 0.608156 0.021143 0.026632
0 0.587338 0.623870 0.016702 0.015511
2 0.507265 0.348867 0.014319 0.015505
0 0.449708 0.365117 0.033404 0.035727
2 0.482391 0.348183 0.016823 0.009249
1 0.478902 0.566558 0.022682 0.029766
1 0.446682 0.464717 0.017010 0.020369
0 0.413829 0.353599 0.038355 0.032432
0 0.583626 0.640788 0.017934 0.034310
0 0.534453 0.630921 0.019797 0.039009
2 0.497601 0.355936 0.011459 0.016589
0 0.518363 0.478630 0.014846 0.013627
0 0.504141 0.483328 0.019789 0.033368
0 0.434238 0.360416 0.011135 0.018799
