1 0.533031 0.683670 0.025802 0.017931
1 0.518436 0.592485 0.019595 0.012506
2 0.644186 0.438067 0.041321 0.027365
0 0.524335 0.569480 0.020211 0.021238
0 0.487018 0.383916 0.029724 0.023867
2 0.562046 0.268128 0.050656 0.027401
0 0.587366 0.646863 0.032626 0.028787
0 0.556005 0.646983 0.032010 0.028547
1 0.532253 0.650874 0.026110 0.014631
1 0.506329 0.418014 0.023323 0.014156
1 0.519056 0.519698 0.026426 0.015099
1 0.506017 0.365400 0.018971 0.011330
0 0.530344 0.387894 0.036118 0.020333
1 0.527289 0.469914 0.024870 0.016515
1 0.513934 0.294858 0.034806 0.013682
1 0.550105 0.430751 0.020211 0.012266
1 0.511451 0.346170 0.021767 0.014865
0 0.506795 0.567118 0.022391 0.022180
