1 0.485292 0.507457 0.021864 0.016232
1 0.467998 0.429775 0.020859 0.011595
2 0.622593 0.371031 0.032091 0.015462
1 0.511463 0.598858 0.024465 0.015844
1 0.474587 0.661078 0.024976 0.011983
0 0.504846 0.629193 0.035656 0.026281
1 0.604562 0.444073 0.024408 0.014686
1 0.458310 0.408519 0.027010 0.018553
1 0.636325 0.379920 0.031078 0.010825
2 0.645227 0.360015 0.030567 0.017395
0 0.456544 0.435560 0.024433 0.016195
1 0.469757 0.523879 0.018363 0.013522
1 0.507646 0.723494 0.022942 0.013910
1 0.559271 0.458374 0.030567 0.017007
1 0.612168 0.404270 0.029554 0.014686
0 0.557743 0.435958 0.020397 0.015462
1 0.553193 0.583399 0.026451 0.015074
1 0.481199 0.537986 0.019887 0.013916
2 0.649806 0.374317 0.031588 0.014298
1 0.515300 0.654119 0.032042 0.014298
1 0.448914 0.600209 0.025511 0.017007
0 0.572496 0.436536 0.021410 0.019711
1 0.459583 0.623011 0.027512 0.017783
1 0.506374 0.694123 0.025486 0.020868
1 0.521917 0.705135 0.030008 0.018165
1 0.467715 0.467069 0.026483 0.022808
1 0.529007 0.617214 0.034125 0.019329
1 0.495948 0.591127 0.029044 0.015074
