0 0.578963 0.627361 0.033793 0.029280
1 0.654660 0.425259 0.031037 0.019347
0 0.404165 0.319627 0.032415 0.023528
1 0.513582 0.634945 0.029660 0.016207
2 0.660855 0.352050 0.040673 0.028756
1 0.434789 0.334009 0.039984 0.021958
1 0.523562 0.390745 0.030348 0.021441
2 0.637455 0.375841 0.043420 0.024058
1 0.627131 0.465785 0.032415 0.020917
0 0.490186 0.532454 0.037925 0.026669
1 0.457500 0.426564 0.033104 0.026145
2 0.506702 0.332965 0.054441 0.032420
1 0.413801 0.312571 0.033793 0.018824
0 0.460940 0.540560 0.033096 0.028239
1 0.522873 0.443559 0.034481 0.018300
1 0.622662 0.505000 0.033104 0.023005
0 0.559692 0.637820 0.028282 0.029286
1 0.515648 0.705277 0.028282 0.017783
2 0.413108 0.262894 0.036540 0.025099
1 0.522184 0.674686 0.033104 0.021441
