1 0.527577 0.427716 0.039627 0.016367
0 0.434100 0.572060 0.023258 0.020942
2 0.530227 0.283808 0.025592 0.015277
1 0.502160 0.578442 0.053412 0.023239
2 0.457804 0.410446 0.026532 0.014957
1 0.508995 0.655813 0.056126 0.028867
2 0.531827 0.397278 0.019684 0.014631
1 0.450255 0.540964 0.029716 0.019637
0 0.517010 0.348405 0.019465 0.010234
1 0.513574 0.720493 0.027131 0.015382
1 0.510993 0.483359 0.034028 0.017679
1 0.500652 0.742749 0.027998 0.016693
0 0.497334 0.404357 0.023890 0.017605
1 0.430049 0.507672 0.038639 0.030209
0 0.503667 0.627700 0.034028 0.022913
2 0.554080 0.334307 0.025600 0.014760
1 0.491609 0.695289 0.034028 0.018658
0 0.451114 0.570262 0.023687 0.021275
1 0.521985 0.372084 0.026532 0.015610
1 0.437650 0.462365 0.029287 0.013325
