1 0.480158 0.553307 0.036491 0.019865
1 0.496491 0.663593 0.034311 0.018627
1 0.573829 0.532617 0.036491 0.015727
0 0.561301 0.576481 0.036491 0.024834
0 0.545616 0.415000 0.025170 0.017426
1 0.586629 0.505302 0.038120 0.020690
0 0.516374 0.631521 0.028323 0.027315
1 0.501669 0.693596 0.027229 0.024828
2 0.443675 0.346493 0.025162 0.019366
1 0.562119 0.497438 0.035940 0.019039
0 0.577792 0.420083 0.026442 0.014526
0 0.554222 0.560342 0.034311 0.025659
0 0.524814 0.585585 0.036483 0.023177
1 0.449656 0.455850 0.033217 0.021108
1 0.550138 0.469507 0.026143 0.018621
1 0.544421 0.623039 0.044109 0.029378
0 0.413165 0.354252 0.031045 0.023171
1 0.457553 0.487300 0.028314 0.018627
0 0.495677 0.638140 0.029408 0.028140
1 0.415344 0.402466 0.031045 0.020277
