2 0.415932 0.343119 0.018558 0.012223
2 0.440685 0.381370 0.035438 0.026927
0 0.470551 0.641081 0.032075 0.023233
2 0.399538 0.328784 0.026596 0.017395
2 0.378197 0.329489 0.021029 0.015985
2 0.370774 0.312331 0.017318 0.016447
2 0.482443 0.533051 0.018647 0.013381
1 0.497897 0.612334 0.022618 0.020209
1 0.492921 0.745068 0.021629 0.023042
2 0.584769 0.474042 0.026135 0.024206
1 0.483104 0.629615 0.022869 0.020400
1 0.484846 0.709803 0.024862 0.022857
0 0.446017 0.645804 0.026848 0.023048
1 0.458865 0.489172 0.027099 0.017186
1 0.486216 0.689403 0.016159 0.017943
2 0.566872 0.464113 0.012528 0.009791
2 0.387164 0.340533 0.030308 0.015511
