2 0.626187 0.474440 0.027042 0.021318
1 0.473112 0.649803 0.011929 0.010665
1 0.473813 0.634615 0.010527 0.010659
1 0.542905 0.637014 0.021045 0.013325
1 0.493626 0.645804 0.017188 0.012260
2 0.436106 0.514286 0.024206 0.019988
2 0.497314 0.536272 0.023152 0.025055
1 0.557986 0.580111 0.018938 0.013596
1 0.486787 0.611161 0.023849 0.013861
1 0.532561 0.649803 0.014376 0.011724
1 0.445579 0.628750 0.015081 0.012796
1 0.486787 0.663396 0.018241 0.013861
2 0.406819 0.514550 0.021742 0.016256
1 0.519234 0.651136 0.010170 0.010659
2 0.612532 0.487762 0.036118 0.017050
2 0.607796 0.469775 0.022447 0.014661
2 0.513444 0.577580 0.023144 0.019187
