1 0.519603 0.684107 0.023128 0.014865
0 0.511917 0.583756 0.039895 0.029729
1 0.572014 0.599156 0.038501 0.018054
1 0.544793 0.530400 0.027253 0.019643
0 0.563626 0.452879 0.038501 0.030265
0 0.518209 0.460049 0.034311 0.027611
1 0.562958 0.429520 0.037034 0.023892
1 0.506677 0.648796 0.032204 0.017518
0 0.617079 0.366604 0.047577 0.021238
0 0.548254 0.395274 0.024530 0.027605
1 0.522747 0.502525 0.029417 0.024421
0 0.540215 0.579775 0.037804 0.031324
1 0.557686 0.619597 0.030818 0.016459
1 0.519254 0.700828 0.030810 0.017518
1 0.463006 0.374301 0.030113 0.016459
