2 0.465280 0.399363 0.022131 0.017568
2 0.486665 0.400490 0.024238 0.018590
1 0.546167 0.508356 0.022480 0.017081
0 0.602411 0.540160 0.032618 0.023793
0 0.522613 0.620874 0.032277 0.029163
2 0.527569 0.395573 0.020940 0.010825
0 0.488788 0.618534 0.036086 0.025123
1 0.516017 0.691967 0.023395 0.021619
2 0.532573 0.381502 0.018485 0.017315
2 0.554749 0.352167 0.021815 0.014507
1 0.519919 0.524286 0.019741 0.015197
1 0.554631 0.471675 0.020608 0.015764
0 0.573707 0.541561 0.034951 0.019698
1 0.557330 0.599230 0.034287 0.019027
