1 0.560746 0.462429 0.035656 0.016706
1 0.545304 0.497836 0.030948 0.015917
1 0.435640 0.523695 0.024084 0.015911
1 0.505016 0.732558 0.027747 0.017506
0 0.477265 0.522897 0.028793 0.019095
1 0.506848 0.623950 0.037699 0.013528
0 0.515227 0.485702 0.024084 0.021084
1 0.422289 0.499825 0.024611 0.027050
1 0.507083 0.713264 0.026759 0.018695
1 0.589546 0.442140 0.029368 0.019095
0 0.547135 0.481921 0.019943 0.018300
0 0.451580 0.525683 0.027796 0.021478
0 0.506062 0.658162 0.035073 0.027050
1 0.519647 0.579791 0.025713 0.019889
0 0.536402 0.487691 0.020470 0.017906
1 0.474360 0.598288 0.026224 0.019495
0 0.563128 0.441342 0.027747 0.017500
