1 0.505227 0.703085 0.025575 0.026268
1 0.507593 0.612586 0.027472 0.017993
0 0.446973 0.604307 0.034092 0.023750
0 0.508776 0.641010 0.030778 0.021589
1 0.429218 0.521900 0.028890 0.013676
2 0.345624 0.468821 0.038833 0.026989
0 0.529380 0.638313 0.026524 0.022672
2 0.395592 0.473319 0.048784 0.027352
1 0.383748 0.502469 0.026994 0.017993
2 0.492200 0.494732 0.032682 0.020511
2 0.475863 0.580373 0.050203 0.027001
1 0.425665 0.568682 0.028412 0.016552
1 0.539797 0.596031 0.023679 0.015831
1 0.503331 0.517762 0.027472 0.015474
