2 0.457127 0.471312 0.018647 0.025025
1 0.437865 0.594646 0.019473 0.020462
1 0.512338 0.764021 0.013055 0.012906
2 0.392492 0.519089 0.012018 0.006613
2 0.524145 0.329560 0.009327 0.014169
1 0.493278 0.534828 0.019263 0.016367
2 0.529838 0.335462 0.016159 0.013695
1 0.569303 0.446521 0.011394 0.018892
2 0.413829 0.523100 0.012844 0.010548
1 0.513165 0.608107 0.022990 0.025659
1 0.525284 0.579378 0.019887 0.017943
2 0.538853 0.323030 0.020511 0.011490
2 0.495972 0.388984 0.025478 0.023140
1 0.546827 0.492485 0.019473 0.020462
0 0.467285 0.634889 0.037115 0.022562
2 0.407099 0.525856 0.013047 0.011022
2 0.655478 0.305871 0.016386 0.010548
1 0.528906 0.523023 0.018023 0.020148
1 0.512233 0.709159 0.014498 0.018417
2 0.557707 0.336330 0.012642 0.013227
0 0.554433 0.405329 0.013128 0.011558
1 0.611151 0.342863 0.018023 0.019052
