2 0.372139 0.425114 0.011767 0.007494
0 0.437954 0.557623 0.017058 0.010702
2 0.561852 0.357340 0.014708 0.009409
1 0.476329 0.604489 0.023209 0.011601
1 0.398294 0.552288 0.022212 0.010573
1 0.365770 0.485145 0.012301 0.006176
1 0.478023 0.667177 0.018266 0.013110
0 0.449161 0.553932 0.018047 0.019587
1 0.350203 0.445585 0.013209 0.006330
1 0.527970 0.421173 0.022180 0.009341
0 0.387091 0.531179 0.023598 0.013861
1 0.422788 0.603661 0.023598 0.008738
2 0.371406 0.433245 0.011564 0.009729
0 0.469388 0.558304 0.022407 0.020191
2 0.552828 0.306952 0.014295 0.009409
0 0.415547 0.529144 0.018241 0.010702
1 0.516386 0.473919 0.023598 0.011151
1 0.488537 0.568097 0.021434 0.009039
1 0.494494 0.694704 0.027010 0.015517
0 0.500721 0.620083 0.020827 0.018984
0 0.461653 0.627392 0.027958 0.020339
