1 0.387326 0.345373 0.021135 0.018578
0 0.521775 0.644400 0.034165 0.025191
2 0.651730 0.449206 0.025454 0.022143
2 0.768614 0.418411 0.028136 0.019089
1 0.557589 0.670299 0.035908 0.023762
2 0.492468 0.403396 0.020429 0.020105
1 0.457808 0.479871 0.033493 0.018325
1 0.667131 0.502522 0.030810 0.030031
1 0.480579 0.527331 0.036167 0.015523
2 0.748185 0.422355 0.024117 0.017814
1 0.695434 0.469566 0.037172 0.020105
0 0.669311 0.450985 0.017747 0.017057
0 0.508043 0.630022 0.038177 0.031053
0 0.417111 0.350717 0.017755 0.020105
1 0.449267 0.419812 0.023784 0.019341
0 0.682707 0.447297 0.025122 0.015776
1 0.426994 0.410265 0.028801 0.020616
2 0.366037 0.285182 0.022771 0.017814
1 0.479242 0.578359 0.024789 0.024427
1 0.360511 0.311142 0.025122 0.012211
1 0.632634 0.549729 0.032820 0.020616
1 0.411086 0.378202 0.039190 0.019594
1 0.507285 0.692411 0.037455 0.013405
2 0.471536 0.395508 0.023444 0.017050
2 0.469028 0.340536 0.039190 0.026207
1 0.497071 0.658067 0.038079 0.018584
