2 0.582727 0.562869 0.024870 0.019815
2 0.503801 0.556820 0.032058 0.021459
1 0.409704 0.567220 0.022326 0.015954
1 0.461062 0.591909 0.039692 0.018559
1 0.512180 0.708784 0.036677 0.022617
2 0.615247 0.567549 0.036637 0.022044
2 0.441592 0.558267 0.041985 0.020881
0 0.493861 0.699209 0.028971 0.027839
2 0.451135 0.533621 0.047326 0.023781
1 0.461548 0.624252 0.021686 0.020782
1 0.551872 0.668239 0.028055 0.014988
1 0.509575 0.578337 0.027415 0.015948
0 0.446556 0.619169 0.030535 0.025517
2 0.487946 0.593562 0.024870 0.019329
1 0.487310 0.681287 0.033776 0.017882
1 0.443501 0.581469 0.038169 0.017395
1 0.570956 0.623288 0.025511 0.014015
