0 0.548833 0.538436 0.014846 0.014692
1 0.538493 0.631853 0.035057 0.026244
0 0.494121 0.649769 0.050105 0.035252
1 0.481783 0.549280 0.028995 0.025567
1 0.568772 0.576484 0.026848 0.025025
0 0.551333 0.528599 0.013979 0.009969
1 0.499858 0.693719 0.018614 0.024483
0 0.578092 0.543550 0.027447 0.026238
1 0.502545 0.747845 0.019692 0.021761
0 0.562642 0.537189 0.017261 0.023479
1 0.495207 0.583688 0.022196 0.015505
0 0.610146 0.467931 0.010827 0.018017
1 0.631754 0.449301 0.019797 0.015979
0 0.580685 0.528990 0.015713 0.011281
