1 0.481309 0.683522 0.023768 0.013042
0 0.380624 0.429858 0.029319 0.017254
2 0.371795 0.410493 0.040932 0.026071
1 0.338740 0.406081 0.022261 0.018787
0 0.588294 0.349714 0.025794 0.020326
1 0.566090 0.498688 0.025794 0.013805
0 0.556754 0.410108 0.033363 0.026078
1 0.548424 0.548925 0.023768 0.016102
0 0.602176 0.400339 0.021256 0.015702
1 0.378104 0.468202 0.024279 0.019557
1 0.509822 0.649969 0.032350 0.016490
1 0.492913 0.672211 0.029830 0.017254
2 0.570377 0.325551 0.034368 0.029526
1 0.586276 0.421998 0.028809 0.015339
0 0.497958 0.551034 0.032853 0.028756
1 0.402326 0.539529 0.025284 0.018023
0 0.599400 0.322869 0.024781 0.018017
0 0.530008 0.544132 0.029319 0.027229
1 0.517391 0.611813 0.026288 0.016102
1 0.528489 0.500800 0.027301 0.018793
0 0.627156 0.316542 0.020746 0.017642
1 0.528241 0.575576 0.031848 0.014957
