1 0.412950 0.427599 0.025867 0.019975
2 0.441155 0.329166 0.033509 0.017075
0 0.389287 0.385283 0.031118 0.021071
1 0.481309 0.607395 0.026815 0.022155
1 0.494696 0.334249 0.027771 0.017796
1 0.453108 0.566355 0.025859 0.019249
1 0.407216 0.356407 0.026815 0.016349
1 0.436613 0.506964 0.034943 0.018892
0 0.538910 0.536207 0.047366 0.031601
0 0.550620 0.332251 0.026815 0.020339
1 0.490393 0.691302 0.027771 0.018528
2 0.592686 0.341151 0.029684 0.025788
1 0.504494 0.467919 0.023476 0.022882
1 0.429441 0.462469 0.032075 0.021429
1 0.491588 0.668236 0.027293 0.024698
0 0.454781 0.625197 0.026337 0.028695
0 0.437330 0.629557 0.030640 0.029421
0 0.473181 0.618294 0.033509 0.027241
1 0.584080 0.371663 0.032553 0.018522
1 0.549903 0.486259 0.027293 0.016706
1 0.499473 0.378929 0.025867 0.019975
2 0.559477 0.316807 0.032099 0.015634
