1 0.511921 0.607599 0.035332 0.027894
1 0.499502 0.702383 0.032731 0.024163
2 0.449514 0.539655 0.030065 0.025333
1 0.600559 0.458097 0.027310 0.017549
2 0.438250 0.477632 0.022366 0.020696
1 0.485004 0.511955 0.023331 0.015548
2 0.631580 0.377371 0.015397 0.010123
2 0.649190 0.388578 0.016694 0.012746
1 0.614165 0.421675 0.025964 0.015517
1 0.494530 0.566425 0.025527 0.019735
0 0.511791 0.545982 0.032382 0.024464
2 0.420300 0.474002 0.025365 0.023793
1 0.495567 0.641644 0.028687 0.022746
1 0.489206 0.491272 0.022464 0.014514
