1 0.494688 0.639708 0.028760 0.023147
1 0.467715 0.580360 0.033112 0.020831
1 0.552366 0.652558 0.016969 0.011213
2 0.544988 0.669375 0.015989 0.012334
2 0.506868 0.591604 0.026135 0.016201
1 0.524822 0.682546 0.016969 0.014009
1 0.500486 0.676567 0.029822 0.017001
1 0.454011 0.543993 0.036159 0.022814
2 0.489250 0.583667 0.028323 0.018183
0 0.514866 0.667226 0.016718 0.013639
2 0.483391 0.635277 0.018193 0.009901
1 0.421183 0.516444 0.018687 0.010647
0 0.528756 0.666666 0.015486 0.015511
1 0.509947 0.702820 0.033444 0.013448
