2 0.344036 0.271127 0.018298 0.014347
0 0.665993 0.462251 0.019182 0.019206
0 0.475608 0.402445 0.015981 0.013904
1 0.611394 0.595117 0.039498 0.016995
1 0.390215 0.348162 0.021207 0.011718
2 0.365960 0.276641 0.015681 0.010376
1 0.462395 0.482007 0.027885 0.017217
1 0.636661 0.550212 0.029044 0.015031
0 0.450194 0.409726 0.026143 0.018762
0 0.525855 0.643230 0.038630 0.026706
1 0.480981 0.579015 0.028460 0.018337
1 0.558951 0.667010 0.040981 0.019969
0 0.434510 0.355102 0.022650 0.020745
0 0.488971 0.403765 0.021783 0.018319
1 0.506163 0.690194 0.036977 0.020314
1 0.448452 0.424843 0.022075 0.010597
1 0.430442 0.402993 0.019165 0.014126
1 0.696207 0.480139 0.023241 0.011275
0 0.560284 0.656007 0.028509 0.017605
1 0.720458 0.454969 0.024109 0.010369
0 0.508720 0.626247 0.036888 0.025844
0 0.750231 0.448128 0.020332 0.017882
1 0.661353 0.513787 0.026143 0.021626
0 0.558059 0.639591 0.035632 0.017937
1 0.419696 0.381364 0.024984 0.012802
1 0.495361 0.656361 0.035146 0.019421
1 0.361025 0.322669 0.021499 0.015868
2 0.352601 0.276863 0.015105 0.015228
