2 0.455012 0.416810 0.040511 0.021404
2 0.441953 0.400856 0.037942 0.022180
1 0.516714 0.670302 0.035891 0.015567
0 0.508853 0.465951 0.025665 0.017679
2 0.522861 0.416031 0.043063 0.020622
1 0.517739 0.688199 0.030778 0.014784
1 0.467545 0.453759 0.024068 0.011583
2 0.541041 0.446576 0.042553 0.020234
1 0.503400 0.652986 0.029749 0.018288
0 0.510458 0.432124 0.025665 0.016453
0 0.532516 0.461684 0.025665 0.015844
1 0.514668 0.559606 0.025656 0.018288
1 0.455515 0.543664 0.024870 0.013411
1 0.447334 0.516998 0.029238 0.019452
