2 0.663793 0.500422 0.015105 0.021656
1 0.632593 0.590693 0.028055 0.021053
1 0.507921 0.714621 0.027674 0.018922
1 0.507776 0.653972 0.037091 0.027635
2 0.593132 0.588214 0.029457 0.024310
1 0.467763 0.560844 0.032301 0.020517
1 0.413574 0.456770 0.032658 0.017592
1 0.659283 0.526462 0.025956 0.017851
1 0.479489 0.593756 0.031216 0.017586
2 0.458707 0.515323 0.022893 0.015548
2 0.615016 0.580699 0.026094 0.027506
2 0.358108 0.404738 0.021434 0.016472
1 0.442686 0.526863 0.025567 0.019193
2 0.394036 0.419821 0.019238 0.014433
0 0.595377 0.668285 0.055340 0.033713
0 0.556868 0.683485 0.053817 0.038682
2 0.642115 0.502457 0.024360 0.021281
2 0.480385 0.523094 0.023865 0.018134
2 0.512796 0.522087 0.027277 0.021108
1 0.422865 0.482355 0.028793 0.021853
2 0.358112 0.387802 0.026791 0.014433
0 0.550320 0.654744 0.046540 0.032050
