2 0.585482 0.337808 0.029198 0.025899
1 0.567407 0.481038 0.034781 0.017445
1 0.399076 0.332786 0.033387 0.015856
1 0.494720 0.700382 0.029911 0.025899
2 0.526017 0.370841 0.038258 0.033824
0 0.510369 0.621102 0.026426 0.023781
1 0.503412 0.675012 0.025041 0.021675
1 0.443594 0.378765 0.038955 0.021139
2 0.603229 0.321949 0.029911 0.023787
2 0.450900 0.275440 0.050778 0.028011
1 0.489850 0.553713 0.036864 0.021145
2 0.567058 0.342297 0.032690 0.026429
0 0.487743 0.632993 0.036831 0.027488
1 0.539583 0.466506 0.032002 0.017974
1 0.529153 0.605773 0.029214 0.021669
0 0.522541 0.533892 0.031305 0.026958
1 0.555579 0.391718 0.037561 0.017438
0 0.498197 0.536007 0.029911 0.022728
2 0.431074 0.307414 0.040348 0.024310
1 0.588622 0.437432 0.032690 0.019027
