1 0.501118 0.610767 0.027488 0.024477
0 0.450292 0.640292 0.020308 0.016373
2 0.422508 0.394846 0.017188 0.012401
1 0.439044 0.447725 0.033938 0.028073
1 0.491532 0.659193 0.028865 0.018805
1 0.488019 0.688288 0.021904 0.020234
1 0.480498 0.704935 0.034368 0.020240
2 0.446349 0.401863 0.010737 0.011422
1 0.461815 0.490647 0.026207 0.024483
1 0.459668 0.518230 0.027066 0.040474
0 0.469352 0.637398 0.023825 0.017161
2 0.409834 0.373137 0.012455 0.009464
1 0.496823 0.729089 0.027488 0.024150
2 0.454295 0.400557 0.013744 0.011422
