2 0.589283 0.210413 0.022553 0.013596
2 0.613266 0.217075 0.028282 0.025296
2 0.574210 0.229452 0.017545 0.022845
2 0.598590 0.370899 0.016823 0.013054
2 0.557958 0.194363 0.015754 0.009797
2 0.590891 0.223741 0.015754 0.017408
1 0.499096 0.549089 0.028047 0.024027
0 0.440900 0.513020 0.028639 0.026927
0 0.476698 0.500782 0.027204 0.027475
0 0.420316 0.499147 0.012528 0.013873
1 0.530389 0.310511 0.019384 0.022217
2 0.612370 0.363414 0.017188 0.017137
1 0.488027 0.653605 0.015810 0.017679
1 0.508347 0.361967 0.028639 0.024711
