1 0.507686 0.709578 0.035519 0.018775
1 0.615401 0.513026 0.025486 0.015252
1 0.472168 0.442913 0.029344 0.013498
1 0.444372 0.494544 0.033979 0.019360
1 0.593006 0.558202 0.030113 0.016429
1 0.521588 0.635945 0.032431 0.018183
1 0.424295 0.452888 0.040146 0.020530
1 0.527763 0.672909 0.033971 0.019366
1 0.398043 0.379834 0.040154 0.016441
1 0.499583 0.627731 0.027026 0.018183
1 0.469080 0.478996 0.033979 0.022291
1 0.623513 0.478408 0.029344 0.014083
1 0.474096 0.555567 0.037836 0.022882
2 0.410393 0.335837 0.035519 0.021121
1 0.472168 0.518014 0.035519 0.018183
