2 0.460814 0.386084 0.039830 0.023165
0 0.536037 0.453815 0.037844 0.026693
0 0.598335 0.384323 0.028566 0.022660
1 0.510523 0.699809 0.031872 0.028202
2 0.647374 0.343784 0.032545 0.019132
2 0.529080 0.374249 0.033201 0.021650
1 0.531730 0.549744 0.031872 0.021151
1 0.513173 0.616469 0.043801 0.023664
1 0.602310 0.409751 0.041815 0.019132
1 0.484011 0.566869 0.030551 0.016115
2 0.434307 0.370474 0.027901 0.032229
1 0.451540 0.486549 0.033209 0.020647
1 0.523776 0.719200 0.026580 0.017623
1 0.581102 0.455579 0.036515 0.023165
1 0.533055 0.415040 0.033209 0.020647
1 0.521459 0.668842 0.029887 0.022660
0 0.481033 0.584997 0.035194 0.025179
0 0.508533 0.582980 0.030551 0.028202
1 0.545981 0.505428 0.029887 0.025179
