1 0.415227 0.374732 0.042739 0.018824
1 0.582796 0.449246 0.050308 0.022482
1 0.545636 0.509643 0.050300 0.024052
1 0.448262 0.416305 0.046864 0.019347
1 0.467188 0.476961 0.048930 0.028762
1 0.443788 0.602722 0.055810 0.025099
0 0.451357 0.561413 0.042050 0.033467
1 0.513635 0.593307 0.050997 0.026145
1 0.439315 0.390693 0.049619 0.023504
1 0.495741 0.688479 0.046864 0.031379
0 0.401130 0.364012 0.037934 0.021435
0 0.535316 0.490557 0.046175 0.029809
0 0.491617 0.495000 0.044109 0.026145
0 0.479575 0.560366 0.037917 0.033467
