1 0.389939 0.456579 0.030446 0.018701
1 0.498833 0.699156 0.026580 0.021182
0 0.539028 0.387611 0.039546 0.020690
0 0.460912 0.582913 0.031110 0.032020
1 0.472257 0.649655 0.031759 0.015764
1 0.564955 0.457555 0.043428 0.025616
1 0.577593 0.416179 0.035008 0.014772
1 0.513112 0.720083 0.021361 0.013812
0 0.362715 0.371601 0.042156 0.023153
1 0.449246 0.629458 0.028525 0.016749
0 0.533517 0.456817 0.044084 0.030049
1 0.555231 0.385640 0.033055 0.019704
1 0.419113 0.510259 0.036977 0.017734
0 0.577917 0.387118 0.038250 0.023645
1 0.535462 0.504126 0.041491 0.023153
1 0.401600 0.485877 0.030462 0.017235
0 0.483926 0.579218 0.035648 0.031527
0 0.573707 0.364461 0.038890 0.022654
1 0.497536 0.613944 0.044733 0.027087
1 0.597690 0.405591 0.041491 0.019212
0 0.383772 0.401158 0.044076 0.024138
1 0.511151 0.663202 0.034360 0.016256
