1 0.550142 0.497629 0.028582 0.017057
1 0.456698 0.451521 0.026151 0.019828
0 0.508878 0.552494 0.027366 0.018904
2 0.568942 0.348701 0.046799 0.029052
2 0.614157 0.323116 0.054668 0.025825
1 0.504664 0.725394 0.028517 0.017980
1 0.500381 0.686663 0.032220 0.017980
0 0.465190 0.640557 0.028582 0.025363
1 0.512520 0.590994 0.028574 0.021213
1 0.447293 0.544196 0.025543 0.023516
1 0.419684 0.466736 0.032220 0.020751
0 0.540429 0.547192 0.031005 0.023054
1 0.499169 0.667300 0.026151 0.019821
0 0.506451 0.540964 0.039498 0.030881
0 0.563489 0.404264 0.026151 0.018442
0 0.494319 0.637562 0.031005 0.023054
1 0.601718 0.365074 0.032220 0.014754
1 0.414830 0.428467 0.028574 0.018904
1 0.588671 0.374757 0.025543 0.011989
2 0.439404 0.397808 0.035259 0.024901
2 0.386005 0.373830 0.048606 0.023054
2 0.449412 0.514227 0.027366 0.016139
1 0.522561 0.611970 0.030340 0.018904
