0 0.551613 0.638414 0.040000 0.032777
0 0.523375 0.639609 0.044708 0.029206
0 0.680640 0.442894 0.028233 0.023190
2 0.467289 0.337731 0.040786 0.030991
1 0.486114 0.525145 0.048630 0.023307
1 0.459449 0.477463 0.047066 0.023300
1 0.411207 0.377959 0.058833 0.029206
2 0.480235 0.398224 0.040000 0.038738
2 0.646130 0.444116 0.034514 0.036361
1 0.386892 0.343390 0.047853 0.030400
1 0.514352 0.690268 0.045494 0.020856
1 0.632403 0.544812 0.036864 0.018417
2 0.733586 0.412497 0.036864 0.030339
1 0.561414 0.667919 0.050203 0.021453
0 0.508865 0.626496 0.043922 0.030394
1 0.692018 0.467620 0.057261 0.020302
1 0.662601 0.502528 0.043922 0.023245
