0 0.593185 0.535533 0.016353 0.014661
1 0.514084 0.691890 0.023371 0.016786
1 0.516767 0.728738 0.028055 0.014865
0 0.578841 0.532050 0.024652 0.017426
1 0.552581 0.471041 0.023801 0.014249
2 0.488282 0.431238 0.020713 0.015111
1 0.524538 0.634584 0.033258 0.019292
2 0.620259 0.537435 0.019611 0.015979
2 0.475782 0.623796 0.021580 0.017297
0 0.497002 0.612731 0.026418 0.020043
1 0.527634 0.520302 0.024959 0.023116
1 0.551013 0.503615 0.022771 0.021392
1 0.523898 0.710711 0.032593 0.018959
0 0.527776 0.616179 0.026621 0.021521
2 0.560008 0.394966 0.022934 0.013947
2 0.486596 0.416192 0.021329 0.015511
