1 0.528298 0.394437 0.033712 0.018220
2 0.407083 0.293217 0.029822 0.017728
1 0.495887 0.551065 0.032407 0.019212
1 0.506908 0.579390 0.036297 0.019704
2 0.512743 0.373011 0.036297 0.023645
1 0.522792 0.466595 0.030462 0.017734
0 0.459587 0.641696 0.029822 0.029058
0 0.527650 0.536536 0.036305 0.025610
1 0.586317 0.437041 0.033055 0.018713
2 0.595393 0.328187 0.046021 0.034477
0 0.501398 0.622488 0.027869 0.027094
1 0.526033 0.559440 0.038241 0.021182
1 0.450515 0.375228 0.038890 0.020197
1 0.612893 0.369070 0.034360 0.014778
1 0.482277 0.466349 0.031118 0.019212
1 0.411945 0.330650 0.038250 0.019698
2 0.466722 0.273023 0.051856 0.024631
2 0.471904 0.324249 0.024635 0.023645
2 0.537374 0.343211 0.046677 0.021176
2 0.432998 0.324741 0.022010 0.022660
1 0.519550 0.614360 0.026572 0.017734
1 0.492322 0.704741 0.030462 0.020197
1 0.570109 0.482602 0.031759 0.019206
