2 0.480567 0.339815 0.039076 0.020172
1 0.432557 0.617284 0.028144 0.014532
1 0.528383 0.688765 0.023849 0.013344
1 0.505940 0.490194 0.026580 0.018984
1 0.502034 0.406700 0.022674 0.016909
2 0.619724 0.404621 0.036337 0.020462
0 0.491673 0.568045 0.024595 0.014538
1 0.511406 0.720206 0.024238 0.018688
1 0.464955 0.656583 0.028922 0.016613
0 0.457536 0.633153 0.025802 0.022537
0 0.489153 0.579615 0.024238 0.015129
2 0.328724 0.452229 0.020332 0.020764
2 0.306086 0.453710 0.028136 0.021361
2 0.580494 0.408328 0.041410 0.019575
1 0.578934 0.486927 0.028144 0.014828
0 0.473148 0.632558 0.023460 0.023134
1 0.501256 0.693063 0.027358 0.016016
2 0.533067 0.409366 0.023849 0.017500
1 0.396252 0.566715 0.028144 0.017198
1 0.516673 0.344264 0.027755 0.013639
1 0.513942 0.630779 0.027755 0.018984
