1 0.477354 0.659683 0.029068 0.021151
0 0.536118 0.525259 0.019173 0.024914
0 0.463124 0.622318 0.035259 0.031964
2 0.636819 0.394353 0.017609 0.023177
0 0.419826 0.630542 0.040203 0.028670
2 0.676228 0.341943 0.019797 0.015511
1 0.489724 0.626549 0.021653 0.018799
0 0.452609 0.631247 0.036499 0.035720
2 0.621357 0.403005 0.025340 0.018276
1 0.506118 0.614563 0.033404 0.024914
1 0.477970 0.698464 0.031548 0.026324
1 0.494984 0.721496 0.030924 0.019741
0 0.563647 0.530191 0.030924 0.033842
1 0.536430 0.548993 0.047010 0.023504
