1 0.496357 0.512799 0.032504 0.015043
2 0.524007 0.381712 0.040397 0.021429
1 0.491682 0.686869 0.026459 0.017974
1 0.498553 0.658867 0.023703 0.015468
1 0.504303 0.452685 0.036613 0.020690
1 0.479854 0.606626 0.030308 0.018805
1 0.509007 0.424821 0.031402 0.017968
1 0.391025 0.503393 0.026459 0.012956
1 0.496633 0.530770 0.026459 0.015887
1 0.458951 0.598476 0.025908 0.019230
1 0.503780 0.710902 0.024254 0.015881
1 0.515883 0.600985 0.030859 0.019224
1 0.506653 0.487999 0.039433 0.021404
1 0.500758 0.550622 0.023703 0.013793
1 0.507354 0.630656 0.024806 0.015043
