0 0.573262 0.464443 0.030624 0.015486
1 0.507719 0.657679 0.030154 0.018300
1 0.512581 0.707836 0.027836 0.016546
1 0.604765 0.478695 0.029692 0.014433
2 0.624680 0.417275 0.063039 0.023233
1 0.499380 0.689178 0.025519 0.017248
1 0.431515 0.445080 0.028768 0.014076
2 0.577897 0.446312 0.050997 0.020764
1 0.582524 0.563347 0.025989 0.013381
1 0.483165 0.589923 0.021823 0.016546
1 0.456528 0.514421 0.025989 0.014778
1 0.460466 0.544868 0.023671 0.018651
2 0.447500 0.422201 0.051467 0.025339
1 0.624915 0.438393 0.036637 0.014076
1 0.447958 0.470600 0.032934 0.016546
1 0.582524 0.530437 0.025989 0.015135
