2 0.540798 0.377368 0.030932 0.017272
2 0.522670 0.376438 0.013671 0.011693
2 0.485470 0.358411 0.020762 0.021219
0 0.524489 0.601450 0.023630 0.017137
2 0.409579 0.378270 0.024344 0.015776
2 0.483318 0.326044 0.025778 0.016866
1 0.503545 0.723719 0.031856 0.027746
1 0.497998 0.746296 0.031507 0.022851
0 0.528606 0.580505 0.033290 0.022032
2 0.445020 0.319104 0.018614 0.011151
0 0.549011 0.599683 0.028282 0.020129
2 0.538999 0.360425 0.023590 0.010714
1 0.540417 0.473334 0.029716 0.020400
1 0.467034 0.567177 0.045462 0.032913
1 0.465956 0.492103 0.028282 0.020942
1 0.456293 0.458103 0.030429 0.023116
1 0.453963 0.397445 0.016467 0.018768
0 0.433412 0.502488 0.025608 0.020025
