0 0.522423 0.554317 0.039595 0.024631
1 0.456483 0.365237 0.025867 0.011644
2 0.486187 0.297294 0.017156 0.013430
0 0.468055 0.481345 0.020956 0.014784
1 0.386669 0.451216 0.022804 0.012642
1 0.484935 0.523224 0.020616 0.013639
2 0.472103 0.303608 0.013833 0.010911
0 0.498367 0.487063 0.027107 0.021650
1 0.476621 0.413962 0.021491 0.015967
1 0.331515 0.352266 0.019303 0.012968
1 0.491066 0.563636 0.028501 0.017962
1 0.521463 0.700517 0.027528 0.009938
0 0.466240 0.351841 0.025235 0.018485
1 0.364660 0.413732 0.018363 0.012562
0 0.513679 0.533479 0.032091 0.018670
0 0.439793 0.322398 0.017642 0.015511
2 0.331803 0.333704 0.014384 0.011546
1 0.483185 0.456536 0.022366 0.012642
1 0.458890 0.514412 0.020178 0.019957
0 0.549672 0.549988 0.019295 0.026256
0 0.563740 0.546333 0.007480 0.013528
1 0.510109 0.638291 0.026831 0.018307
0 0.456572 0.307152 0.008298 0.005523
0 0.472314 0.314908 0.015567 0.008411
