1 0.558509 0.527195 0.028250 0.022174
2 0.520786 0.488861 0.032285 0.025714
0 0.436341 0.556096 0.039117 0.028547
2 0.567982 0.499006 0.021734 0.017691
1 0.465215 0.589828 0.024838 0.018165
1 0.531187 0.575440 0.025146 0.020523
0 0.520166 0.686318 0.035389 0.022414
1 0.500762 0.614954 0.031977 0.025006
2 0.540502 0.488270 0.021426 0.024532
1 0.489121 0.671219 0.026086 0.016749
0 0.519858 0.578978 0.026702 0.023830
1 0.506819 0.720523 0.027318 0.019113
0 0.477942 0.699409 0.043468 0.035862
0 0.503865 0.698110 0.033841 0.031847
1 0.508679 0.746592 0.033533 0.018873
