0 0.495968 0.620062 0.050640 0.034335
1 0.568387 0.514258 0.035575 0.023479
1 0.552164 0.348587 0.034797 0.017900
1 0.581349 0.479187 0.033606 0.023190
1 0.558752 0.606121 0.031669 0.024655
0 0.588655 0.412666 0.032415 0.025948
1 0.516053 0.692405 0.036726 0.028762
0 0.547654 0.407820 0.025130 0.019581
2 0.599092 0.357977 0.025916 0.014378
0 0.583707 0.544667 0.037285 0.028337
0 0.609749 0.546376 0.036904 0.024735
0 0.535049 0.619837 0.035413 0.030856
1 0.524741 0.529224 0.035575 0.024064
2 0.601220 0.345945 0.025535 0.014969
