0 0.520924 0.636927 0.029919 0.018128
2 0.534307 0.558251 0.058971 0.027672
1 0.456613 0.453741 0.022674 0.016521
0 0.497828 0.636927 0.021167 0.016749
2 0.474733 0.403270 0.032334 0.021564
1 0.443481 0.544701 0.027804 0.012617
0 0.483185 0.636810 0.023274 0.017894
1 0.498736 0.591847 0.030827 0.016059
1 0.479862 0.646216 0.024489 0.013307
1 0.508092 0.708390 0.025389 0.018812
1 0.434729 0.515797 0.022374 0.016287
1 0.520624 0.578085 0.034749 0.019729
1 0.496013 0.683039 0.031426 0.020881
1 0.410118 0.464409 0.024481 0.015825
