1 0.468780 0.541078 0.033476 0.018251
0 0.579704 0.268405 0.019830 0.012204
0 0.510928 0.575800 0.032066 0.028953
1 0.456560 0.502177 0.024627 0.018713
1 0.541831 0.514538 0.027877 0.025074
0 0.497913 0.647482 0.033914 0.026835
1 0.552054 0.378768 0.031596 0.016244
1 0.551686 0.323624 0.043582 0.020388
1 0.434019 0.456629 0.026953 0.016595
1 0.522549 0.681028 0.037642 0.020480
1 0.482816 0.596810 0.025097 0.017303
0 0.556005 0.572632 0.041361 0.031090
0 0.407767 0.408254 0.034854 0.022950
2 0.540904 0.265246 0.027885 0.017303
1 0.499546 0.631416 0.024165 0.015185
