2 0.430883 0.516752 0.020227 0.011656
2 0.553610 0.548501 0.021029 0.015647
2 0.601852 0.413682 0.019019 0.014113
1 0.402711 0.548679 0.025794 0.015400
2 0.584092 0.426410 0.019822 0.010123
1 0.608874 0.481481 0.028525 0.012482
1 0.641787 0.403565 0.023914 0.008177
2 0.583890 0.413990 0.016191 0.014113
1 0.631621 0.422648 0.017942 0.007266
0 0.489218 0.628565 0.021434 0.016872
1 0.510211 0.640991 0.031118 0.020246
2 0.417966 0.509236 0.015381 0.010123
2 0.566325 0.555862 0.011742 0.013805
1 0.554789 0.572118 0.019724 0.013633
1 0.620101 0.437796 0.017026 0.011650
1 0.581098 0.516918 0.019733 0.013171
2 0.433505 0.505708 0.014173 0.009815
1 0.492516 0.669757 0.037836 0.016225
2 0.576013 0.552488 0.010130 0.009507
