0 0.519891 0.411801 0.036572 0.031780
1 0.548165 0.591681 0.046005 0.021034
0 0.473951 0.404868 0.034222 0.024169
0 0.519895 0.571807 0.028331 0.030437
0 0.562006 0.575567 0.034806 0.029089
1 0.495446 0.522127 0.031280 0.021484
1 0.582917 0.532623 0.040113 0.017414
2 0.451864 0.266564 0.045413 0.022377
1 0.484550 0.418291 0.033039 0.021484
1 0.464818 0.489901 0.031272 0.017007
1 0.445377 0.318260 0.032455 0.021927
0 0.544340 0.571586 0.032455 0.034464
0 0.537249 0.632888 0.038306 0.025480
0 0.501633 0.635363 0.041288 0.022377
1 0.488967 0.703371 0.028922 0.018750
1 0.513116 0.698445 0.037172 0.020634
