1 0.492897 0.683929 0.023509 0.014458
1 0.485612 0.441897 0.021094 0.011995
1 0.454854 0.602432 0.021896 0.019372
1 0.472459 0.607198 0.031207 0.020911
1 0.551382 0.508787 0.027966 0.012303
1 0.405271 0.543999 0.021499 0.014452
2 0.484433 0.368097 0.039627 0.023030
1 0.498359 0.659634 0.029587 0.017531
0 0.436236 0.594437 0.032423 0.026755
1 0.507873 0.711302 0.030802 0.017531
1 0.390300 0.508784 0.020681 0.014144
1 0.522646 0.602275 0.027156 0.017223
1 0.472054 0.440819 0.019068 0.011071
1 0.476706 0.410526 0.027561 0.015683
2 0.528610 0.404898 0.033801 0.017716
1 0.482577 0.536462 0.027164 0.017839
1 0.372083 0.473879 0.019870 0.012611
1 0.483586 0.561835 0.027561 0.014458
2 0.509639 0.392712 0.037788 0.017272
2 0.510304 0.420520 0.028371 0.014144
