1 0.644980 0.395680 0.019781 0.007211
1 0.606118 0.501663 0.025041 0.015222
0 0.373635 0.366813 0.020041 0.012863
1 0.509931 0.705453 0.019084 0.009514
0 0.660259 0.394982 0.013987 0.011010
0 0.626937 0.390877 0.014246 0.010413
1 0.497929 0.607389 0.027204 0.015788
0 0.676989 0.351444 0.010559 0.008812
2 0.646653 0.404153 0.011880 0.010216
1 0.519469 0.676872 0.031742 0.017512
1 0.625357 0.431213 0.022674 0.010209
0 0.497553 0.556139 0.012091 0.015505
0 0.509830 0.558722 0.013987 0.009193
0 0.478262 0.552118 0.027998 0.024692
0 0.522690 0.637392 0.038898 0.032161
1 0.370555 0.317928 0.019425 0.010991
2 0.426580 0.302023 0.012658 0.011459
1 0.624899 0.479969 0.022536 0.012180
0 0.395644 0.298279 0.014806 0.014267
0 0.394412 0.309741 0.016037 0.010998
0 0.520413 0.550816 0.015494 0.011176
0 0.638395 0.392180 0.007666 0.007808
1 0.382488 0.377414 0.026548 0.014064
2 0.361430 0.239843 0.013039 0.007617
1 0.381787 0.420034 0.019117 0.012642
