1 0.499947 0.695751 0.038549 0.014372
2 0.400158 0.377087 0.032018 0.022303
2 0.545928 0.510896 0.041807 0.019329
2 0.587998 0.339917 0.037245 0.025277
1 0.510057 0.587716 0.032674 0.018337
0 0.534190 0.491075 0.030065 0.023294
2 0.643112 0.392697 0.032674 0.017845
1 0.599412 0.374855 0.047026 0.016853
2 0.578217 0.450434 0.037245 0.019329
2 0.633655 0.326287 0.032026 0.020813
1 0.475166 0.578547 0.028112 0.017845
0 0.498318 0.495782 0.030073 0.020813
2 0.387439 0.335705 0.033987 0.020819
1 0.452986 0.418220 0.033331 0.022303
0 0.461795 0.561198 0.031370 0.025770
1 0.492747 0.681866 0.032010 0.013362
1 0.626151 0.351318 0.040502 0.014372
1 0.456252 0.461339 0.028112 0.019329
1 0.513318 0.663045 0.031370 0.019329
0 0.491471 0.557980 0.035940 0.026268
1 0.442877 0.614230 0.035284 0.016847
