0 0.491896 0.698575 0.038930 0.033060
1 0.511357 0.562269 0.029003 0.019144
1 0.460219 0.631290 0.030535 0.021459
0 0.529299 0.679141 0.028241 0.022038
1 0.426248 0.605773 0.032820 0.027260
1 0.477771 0.667543 0.032058 0.025517
1 0.512504 0.710751 0.031297 0.019138
2 0.410985 0.555311 0.037399 0.021459
0 0.379307 0.566330 0.027480 0.022623
1 0.614789 0.673341 0.026710 0.020881
2 0.639615 0.664064 0.029036 0.018559
0 0.522808 0.697124 0.029003 0.024360
1 0.398391 0.569230 0.025956 0.017980
1 0.496856 0.730764 0.030535 0.023202
0 0.438464 0.598522 0.029765 0.022044
