1 0.436957 0.471336 0.030867 0.010579
1 0.518071 0.680610 0.029660 0.010579
1 0.504299 0.606145 0.025551 0.017475
2 0.510567 0.549141 0.012188 0.012777
2 0.371045 0.384504 0.016434 0.012457
1 0.559538 0.603802 0.027828 0.012420
1 0.597362 0.472716 0.021191 0.013337
1 0.517160 0.726376 0.019376 0.010117
1 0.402156 0.381650 0.027844 0.007820
1 0.512014 0.705908 0.019976 0.009661
1 0.581021 0.505834 0.022399 0.009661
1 0.435746 0.420283 0.026029 0.010579
0 0.525045 0.634332 0.019084 0.015733
2 0.389749 0.388978 0.012658 0.009261
2 0.521305 0.548821 0.010972 0.011496
1 0.479437 0.565526 0.024303 0.021250
