1 0.536864 0.570705 0.030729 0.016509
1 0.511994 0.549249 0.024814 0.016059
0 0.448383 0.608143 0.033914 0.023750
1 0.380304 0.504276 0.024903 0.018122
0 0.486005 0.491392 0.030729 0.015702
1 0.401763 0.545376 0.028825 0.017167
2 0.482293 0.578353 0.041329 0.019723
0 0.534214 0.640151 0.036029 0.024957
1 0.515409 0.572719 0.024903 0.017309
1 0.545344 0.595462 0.026491 0.014495
1 0.538983 0.623039 0.025438 0.018922
1 0.505604 0.700739 0.029668 0.026170
1 0.540571 0.545945 0.023314 0.015302
1 0.424011 0.565871 0.027553 0.018922
1 0.506130 0.611564 0.026491 0.019323
