2 0.525089 0.484535 0.038152 0.025068
1 0.489992 0.613836 0.034797 0.032968
2 0.385823 0.496490 0.019765 0.009791
0 0.488703 0.551490 0.021912 0.017303
2 0.497297 0.324144 0.014173 0.007833
2 0.529943 0.317127 0.012464 0.010117
2 0.519202 0.316638 0.013314 0.012401
2 0.507820 0.521943 0.037634 0.022321
1 0.531017 0.441817 0.037804 0.032315
1 0.488918 0.699843 0.030073 0.029378
1 0.509538 0.586090 0.041232 0.025788
2 0.430498 0.379797 0.017188 0.010776
2 0.557220 0.318596 0.013744 0.011749
1 0.517058 0.388935 0.048541 0.031663
