0 0.385806 0.440647 0.025276 0.017328
1 0.371941 0.488183 0.033282 0.018732
0 0.464708 0.623073 0.042528 0.032783
1 0.566102 0.483969 0.033290 0.019674
1 0.402739 0.529400 0.027147 0.018738
1 0.479810 0.659369 0.030818 0.022950
1 0.510008 0.616749 0.022188 0.018264
1 0.350365 0.411607 0.030827 0.017328
1 0.416013 0.592161 0.038833 0.018732
1 0.552541 0.540640 0.027123 0.020603
1 0.468712 0.687943 0.027115 0.015456
1 0.341430 0.384440 0.031434 0.018264
1 0.364850 0.447672 0.030203 0.013584
1 0.518023 0.594033 0.022188 0.016860
1 0.461933 0.644384 0.032050 0.017328
2 0.311224 0.363365 0.024036 0.019206
2 0.303829 0.379055 0.027739 0.015930
