1 0.495348 0.755862 0.031961 0.028596
2 0.614368 0.377454 0.024360 0.020400
1 0.492253 0.725899 0.031961 0.030554
2 0.580904 0.366844 0.031856 0.024206
2 0.596118 0.358956 0.024344 0.017679
0 0.446771 0.627380 0.027739 0.036718
0 0.466759 0.623978 0.030729 0.036724
1 0.501017 0.612503 0.019587 0.020757
1 0.478849 0.659310 0.039173 0.028202
1 0.478075 0.699652 0.025259 0.027420
1 0.426528 0.571376 0.041759 0.033294
0 0.423951 0.631915 0.026848 0.028559
2 0.631560 0.349298 0.019327 0.016318
2 0.617597 0.351201 0.027917 0.018498
1 0.540705 0.551204 0.055673 0.037605
1 0.591742 0.470511 0.034019 0.024286
