1 0.623983 0.517950 0.024724 0.016527
2 0.532581 0.560517 0.026199 0.019889
1 0.505122 0.471459 0.022885 0.018202
0 0.570174 0.638932 0.025470 0.018208
2 0.497703 0.379621 0.026848 0.014624
1 0.504015 0.560659 0.020673 0.020727
2 0.463294 0.378205 0.025470 0.017642
2 0.485588 0.331435 0.028047 0.014840
1 0.491305 0.410271 0.027682 0.015123
2 0.652731 0.414751 0.038736 0.015683
0 0.549903 0.640329 0.027682 0.019883
1 0.609611 0.564578 0.023258 0.016238
1 0.502541 0.518091 0.025097 0.017365
1 0.527974 0.684720 0.025835 0.022408
