1 0.421317 0.521564 0.036070 0.016687
1 0.459542 0.446284 0.027285 0.017691
1 0.512289 0.708685 0.035146 0.032383
2 0.646049 0.305736 0.031240 0.019698
1 0.593764 0.484677 0.040024 0.019698
1 0.473821 0.316583 0.032990 0.015357
1 0.496451 0.678975 0.029044 0.019698
2 0.617488 0.365828 0.041783 0.014353
2 0.380895 0.472657 0.028160 0.020363
1 0.597062 0.449791 0.032553 0.015357
0 0.466572 0.559289 0.028169 0.023368
2 0.400446 0.475994 0.029481 0.017691
1 0.422196 0.274855 0.029044 0.013356
2 0.587613 0.343627 0.036507 0.021367
0 0.447245 0.555283 0.025527 0.023374
1 0.619469 0.375172 0.032553 0.011687
1 0.538626 0.578651 0.038712 0.014692
1 0.472062 0.399544 0.026848 0.017697
2 0.608703 0.312913 0.040908 0.024704
1 0.616171 0.408895 0.031240 0.013688
2 0.419125 0.253824 0.029919 0.018030
1 0.409676 0.493855 0.029481 0.015357
2 0.407699 0.265172 0.026402 0.017365
1 0.464814 0.361820 0.037828 0.016361
2 0.474263 0.286706 0.041783 0.020369
1 0.427690 0.554449 0.028606 0.016361
2 0.438233 0.259163 0.036515 0.020702
1 0.563890 0.535921 0.028606 0.014686
