0 0.514530 0.635431 0.030308 0.037599
2 0.348071 0.327993 0.023015 0.013534
1 0.375908 0.411188 0.034149 0.027635
2 0.358092 0.341530 0.017820 0.012408
2 0.430798 0.466265 0.018468 0.023504
0 0.490097 0.638251 0.037115 0.033842
1 0.502472 0.664726 0.025981 0.023688
1 0.567423 0.603528 0.019303 0.038916
2 0.277553 0.331943 0.021524 0.021435
2 0.323947 0.343787 0.013355 0.018054
1 0.472034 0.601555 0.040827 0.023688
2 0.484708 0.468710 0.012885 0.017950
2 0.254911 0.328559 0.029692 0.016921
2 0.471823 0.467571 0.013744 0.026115
1 0.447541 0.529073 0.036378 0.020868
1 0.405600 0.463929 0.019303 0.019175
2 0.462804 0.467568 0.010308 0.016318
2 0.296110 0.331376 0.024489 0.021435
1 0.493193 0.694335 0.026726 0.023128
0 0.529684 0.641780 0.029692 0.031490
1 0.470551 0.564889 0.034895 0.028202
2 0.331742 0.325736 0.025981 0.013541
