2 0.459854 0.538264 0.036126 0.021958
0 0.521933 0.685979 0.032212 0.025640
1 0.487808 0.667038 0.034514 0.020394
2 0.476309 0.577300 0.046556 0.028060
1 0.567950 0.715988 0.030681 0.018060
1 0.560660 0.655967 0.029911 0.014569
2 0.425737 0.530028 0.030502 0.022568
1 0.511965 0.581666 0.027609 0.020979
1 0.430154 0.557783 0.037731 0.021958
1 0.473618 0.627411 0.030673 0.022728
1 0.510814 0.705499 0.034514 0.018067
1 0.455839 0.597127 0.036118 0.022568
0 0.496621 0.696755 0.032204 0.027389
1 0.595174 0.726185 0.026848 0.017482
