0 0.477208 0.562103 0.030429 0.023454
1 0.566515 0.526404 0.035284 0.018448
1 0.514696 0.537137 0.029554 0.015751
1 0.504773 0.671016 0.029984 0.014741
1 0.419214 0.400745 0.038817 0.019101
1 0.539615 0.614212 0.030867 0.017094
0 0.503011 0.561767 0.029992 0.026810
2 0.560782 0.319815 0.049392 0.020111
1 0.558359 0.572660 0.030429 0.015751
0 0.487131 0.558587 0.018525 0.019772
1 0.535203 0.447663 0.033517 0.015080
1 0.414801 0.354332 0.038809 0.020782
0 0.521973 0.604831 0.033525 0.027149
1 0.450527 0.493396 0.030875 0.018750
2 0.376212 0.249942 0.036605 0.023122
1 0.542042 0.373935 0.037488 0.015751
1 0.427816 0.428559 0.034838 0.018436
2 0.609959 0.473467 0.041021 0.020443
1 0.468169 0.567127 0.029984 0.018097
2 0.355045 0.243910 0.035729 0.025135
2 0.517123 0.353325 0.044100 0.034852
1 0.392532 0.264520 0.038371 0.016084
1 0.499919 0.614381 0.029109 0.015413
