1 0.494793 0.691974 0.024368 0.018479
0 0.551613 0.575416 0.035122 0.017765
0 0.524024 0.635825 0.026702 0.019901
1 0.501811 0.733371 0.019684 0.015991
1 0.505551 0.623636 0.027844 0.011755
2 0.384425 0.356339 0.044943 0.025942
0 0.441349 0.315933 0.026297 0.014698
0 0.510928 0.572749 0.026702 0.018836
1 0.433764 0.330222 0.027642 0.017057
1 0.510778 0.655379 0.033647 0.020573
1 0.444291 0.422078 0.033720 0.015277
1 0.511864 0.713470 0.022966 0.018836
1 0.466503 0.591583 0.029506 0.016700
1 0.466969 0.628187 0.029514 0.015277
1 0.434384 0.491389 0.030940 0.013516
1 0.508359 0.599935 0.032780 0.017765
1 0.590665 0.562266 0.028104 0.012796
1 0.473047 0.503097 0.035122 0.014569
1 0.440081 0.370554 0.029044 0.017414
1 0.576167 0.591761 0.028104 0.016342
1 0.439376 0.386010 0.029514 0.017057
1 0.442654 0.536327 0.030446 0.015634
0 0.490823 0.636358 0.023898 0.015991
2 0.423476 0.307654 0.029514 0.018128
