1 0.492913 0.611746 0.031353 0.029698
2 0.370762 0.336444 0.008055 0.011558
2 0.341702 0.315862 0.015511 0.016773
1 0.517613 0.621700 0.019765 0.020234
2 0.553626 0.434708 0.008647 0.010425
1 0.502366 0.684209 0.028784 0.025129
1 0.407002 0.436952 0.033938 0.031330
1 0.491410 0.705360 0.029206 0.025462
1 0.508379 0.646345 0.020194 0.019255
2 0.562723 0.425865 0.016110 0.011336
0 0.475361 0.617121 0.033849 0.024366
2 0.390150 0.337916 0.027739 0.013147
1 0.438788 0.496358 0.031353 0.026115
2 0.547062 0.416573 0.018193 0.018134
1 0.514177 0.505825 0.032650 0.023498
2 0.523351 0.427906 0.017301 0.014052
2 0.379708 0.326355 0.018201 0.014052
2 0.409988 0.378602 0.023865 0.022438
