1 0.616070 0.491638 0.042075 0.018830
1 0.629806 0.457666 0.039384 0.015554
0 0.697682 0.335477 0.028606 0.020055
1 0.559506 0.573097 0.045300 0.018830
1 0.408671 0.309486 0.029141 0.018011
1 0.709534 0.341823 0.033995 0.019643
0 0.422678 0.556108 0.032374 0.026601
0 0.660247 0.349193 0.038841 0.015554
2 0.666981 0.316853 0.045843 0.019643
1 0.386584 0.275511 0.038841 0.017192
1 0.450421 0.397081 0.032917 0.018830
1 0.581053 0.539529 0.042075 0.018011
0 0.669943 0.330770 0.033452 0.022919
1 0.457962 0.615668 0.045843 0.022925
0 0.474660 0.558772 0.038298 0.028651
1 0.669939 0.389101 0.034530 0.014323
1 0.409210 0.472195 0.032374 0.018417
1 0.488667 0.679729 0.039376 0.033153
1 0.694720 0.352263 0.031305 0.012691
0 0.641386 0.362084 0.035608 0.016780
2 0.716280 0.311327 0.041021 0.018417
1 0.458229 0.316238 0.036686 0.015148
1 0.506714 0.645139 0.039911 0.019649
1 0.681795 0.381324 0.036686 0.013510
0 0.449072 0.555699 0.036686 0.030696
1 0.420251 0.321770 0.028606 0.017186
0 0.669400 0.376001 0.033452 0.017605
1 0.656203 0.411410 0.040462 0.015554
0 0.514526 0.599704 0.047998 0.027833
0 0.380928 0.266915 0.040462 0.018830
1 0.509165 0.713091 0.030713 0.020468
