2 0.453156 0.426749 0.019392 0.016096
1 0.503270 0.678356 0.024757 0.022894
2 0.463594 0.625542 0.021775 0.026970
2 0.473590 0.430151 0.022075 0.028331
2 0.397220 0.529320 0.013128 0.019945
1 0.502824 0.630188 0.029230 0.027654
2 0.380515 0.544052 0.023865 0.028559
2 0.469113 0.402722 0.011337 0.020172
1 0.505928 0.754701 0.018793 0.019945
1 0.509534 0.713491 0.021775 0.020628
2 0.410494 0.531358 0.008655 0.013147
0 0.443165 0.530000 0.029830 0.029015
2 0.377682 0.334381 0.028930 0.024932
2 0.535636 0.367361 0.039376 0.017001
