1 0.580247 0.609132 0.024741 0.027808
2 0.358331 0.351007 0.016499 0.010573
2 0.441580 0.370788 0.011864 0.010973
1 0.593651 0.569766 0.019587 0.021933
2 0.319988 0.358045 0.009473 0.008836
1 0.513489 0.690212 0.041759 0.030942
1 0.502147 0.657118 0.031442 0.028202
1 0.614267 0.539215 0.022682 0.022716
1 0.430758 0.502395 0.038144 0.036034
1 0.509368 0.748578 0.027326 0.026244
0 0.445818 0.432352 0.018395 0.016059
2 0.311240 0.354400 0.008752 0.008836
0 0.469955 0.561727 0.040267 0.027395
1 0.553440 0.643208 0.030932 0.030160
1 0.529729 0.550379 0.022682 0.017629
0 0.508861 0.566355 0.035551 0.024557
2 0.315361 0.343750 0.008387 0.007833
2 0.323464 0.343602 0.012342 0.012204
