1 0.525863 0.648498 0.037626 0.029766
2 0.510142 0.429935 0.027836 0.014883
2 0.361163 0.380776 0.014433 0.012143
1 0.425085 0.475369 0.026799 0.021933
1 0.513233 0.707251 0.023712 0.025068
2 0.507820 0.442078 0.023193 0.014883
2 0.352403 0.364911 0.029895 0.010967
2 0.375340 0.384304 0.011864 0.012143
2 0.491584 0.436004 0.019587 0.013707
2 0.384100 0.351204 0.031442 0.015671
2 0.385652 0.370200 0.027318 0.011361
2 0.480758 0.444818 0.023720 0.013319
1 0.505243 0.599929 0.023193 0.018023
1 0.483594 0.541958 0.032472 0.020369
