1 0.283400 0.428011 0.023493 0.013732
0 0.395409 0.544778 0.039587 0.034569
1 0.538716 0.577574 0.046345 0.029076
1 0.429425 0.606327 0.048088 0.025203
0 0.614591 0.414741 0.027253 0.025197
0 0.679007 0.341567 0.033639 0.015831
2 0.206937 0.363904 0.016483 0.010813
1 0.433464 0.576764 0.043412 0.017765
2 0.452387 0.669969 0.031937 0.023264
0 0.483416 0.619735 0.044676 0.046847
0 0.298683 0.416034 0.022147 0.022611
1 0.454514 0.637503 0.042982 0.020351
1 0.483023 0.665450 0.050600 0.020677
0 0.428999 0.533147 0.047237 0.026170
1 0.642018 0.379849 0.035332 0.014858
1 0.613533 0.434289 0.037034 0.019711
1 0.571649 0.491148 0.049360 0.019711
2 0.201629 0.355837 0.015818 0.010468
1 0.307346 0.456937 0.028015 0.020770
0 0.584830 0.412965 0.033209 0.030696
2 0.225235 0.351974 0.019660 0.011324
1 0.565296 0.526687 0.039117 0.022291
1 0.341840 0.504236 0.043841 0.037475
0 0.312715 0.410058 0.034052 0.022937
