1 0.587314 0.636339 0.041969 0.019575
1 0.480774 0.594698 0.041921 0.020727
2 0.642723 0.502010 0.027472 0.016213
1 0.659822 0.549030 0.019190 0.024563
2 0.503075 0.520268 0.036653 0.023873
1 0.503250 0.650539 0.033339 0.019575
2 0.392528 0.419283 0.025721 0.015548
2 0.410211 0.416613 0.021929 0.019544
1 0.417638 0.481099 0.026767 0.019957
1 0.439356 0.527346 0.026767 0.017266
0 0.549534 0.687756 0.061823 0.046053
2 0.615247 0.584464 0.019084 0.018510
2 0.455223 0.514006 0.023088 0.015770
1 0.410316 0.457882 0.034344 0.018805
2 0.351754 0.394295 0.020170 0.017986
1 0.499461 0.620028 0.038890 0.023023
0 0.580717 0.671410 0.050365 0.037303
0 0.551653 0.651835 0.061216 0.035000
1 0.636560 0.592971 0.041467 0.018036
2 0.347075 0.378082 0.026596 0.015770
1 0.377488 0.416626 0.028282 0.016884
2 0.604287 0.588861 0.025575 0.021749
2 0.589368 0.591173 0.024959 0.018972
