2 0.487703 0.387851 0.010073 0.007796
0 0.526775 0.544938 0.019335 0.014692
1 0.492484 0.453870 0.014271 0.009969
1 0.497532 0.607752 0.028225 0.017796
1 0.503849 0.678981 0.025235 0.013245
1 0.415827 0.447962 0.016224 0.013239
2 0.482800 0.466232 0.018112 0.009594
1 0.522176 0.704092 0.029441 0.015979
1 0.489733 0.518956 0.023436 0.016435
1 0.513468 0.639489 0.024036 0.011872
0 0.511981 0.527996 0.013412 0.008996
2 0.495292 0.375348 0.013274 0.008122
2 0.557553 0.540890 0.016969 0.010794
0 0.539996 0.536690 0.011045 0.007198
