1 0.373505 0.557152 0.036588 0.020819
0 0.367889 0.577968 0.033784 0.025086
1 0.447261 0.621992 0.032382 0.019230
1 0.517848 0.694320 0.041515 0.019748
0 0.587030 0.581970 0.029571 0.019212
0 0.341195 0.550216 0.030981 0.025086
0 0.463760 0.557420 0.024652 0.019212
0 0.398440 0.578236 0.040105 0.030954
1 0.566661 0.623599 0.026759 0.018147
2 0.616179 0.608122 0.031677 0.019212
1 0.477459 0.638011 0.028160 0.020283
0 0.463412 0.619329 0.045024 0.034163
0 0.311341 0.556084 0.037301 0.024015
1 0.478865 0.576367 0.026759 0.017611
1 0.323286 0.530197 0.027464 0.016010
0 0.614072 0.588107 0.027464 0.021878
