1 0.402362 0.538793 0.027156 0.016478
1 0.540604 0.589908 0.029619 0.017599
2 0.626106 0.306804 0.036021 0.020591
1 0.575344 0.494415 0.033071 0.015357
0 0.503639 0.547029 0.032577 0.024711
1 0.614032 0.359233 0.023703 0.012358
1 0.499206 0.731644 0.026661 0.015727
2 0.330656 0.381139 0.026661 0.016478
2 0.385608 0.407540 0.051799 0.032580
1 0.368622 0.431139 0.031621 0.017623
1 0.594319 0.421207 0.024684 0.014975
2 0.593582 0.317475 0.035041 0.020973
0 0.533947 0.542349 0.028136 0.026583
2 0.586187 0.385816 0.036021 0.024341
1 0.547747 0.552272 0.028136 0.016478
0 0.566965 0.403421 0.027156 0.016853
1 0.568444 0.466893 0.030113 0.014230
1 0.354562 0.397614 0.024198 0.012728
1 0.496001 0.677906 0.034060 0.017599
