1 0.545199 0.461721 0.031840 0.013898
2 0.576694 0.338488 0.044700 0.021669
2 0.470697 0.401792 0.048088 0.021564
1 0.433104 0.419803 0.037925 0.015493
1 0.449700 0.629754 0.031831 0.017500
1 0.507605 0.676613 0.037934 0.021564
1 0.519121 0.532537 0.039279 0.019557
2 0.469003 0.447620 0.035219 0.015437
1 0.446985 0.465607 0.029125 0.014464
1 0.442925 0.497001 0.031831 0.015493
1 0.465276 0.536860 0.027763 0.016983
1 0.479161 0.671469 0.040640 0.019612
1 0.439874 0.605360 0.029797 0.015954
2 0.571953 0.408482 0.055543 0.020536
1 0.574660 0.383005 0.032512 0.016010
1 0.595656 0.353177 0.036580 0.014926
