2 0.600223 0.575702 0.014643 0.018042
1 0.430770 0.455964 0.031313 0.019575
1 0.506783 0.647660 0.024749 0.019187
1 0.580774 0.634803 0.026264 0.017266
0 0.547763 0.651509 0.034036 0.030505
2 0.636840 0.506047 0.013128 0.017648
0 0.581799 0.666761 0.027050 0.031835
2 0.583108 0.584196 0.024433 0.019230
2 0.417638 0.425262 0.032326 0.024945
2 0.521682 0.504510 0.023233 0.026866
1 0.512593 0.715397 0.019190 0.015733
1 0.484307 0.559009 0.030300 0.023030
2 0.475219 0.512765 0.025251 0.021108
1 0.486580 0.592204 0.019692 0.017266
1 0.451985 0.522931 0.031313 0.023793
2 0.499712 0.508350 0.025762 0.023793
1 0.628225 0.590668 0.030357 0.020339
1 0.501985 0.617534 0.022220 0.019575
2 0.612593 0.583762 0.019190 0.021108
1 0.651232 0.521207 0.027780 0.017266
