0 0.449623 0.481755 0.028355 0.024680
2 0.481840 0.463738 0.018558 0.019975
1 0.322816 0.387552 0.025259 0.024280
2 0.268169 0.299421 0.026288 0.015665
1 0.478521 0.549988 0.040381 0.028067
2 0.350648 0.376977 0.023193 0.019581
1 0.405806 0.481949 0.025259 0.022716
1 0.517407 0.735573 0.024749 0.023892
2 0.235952 0.282383 0.020624 0.016847
1 0.365389 0.441780 0.037115 0.027266
0 0.590093 0.633732 0.019587 0.030160
2 0.345750 0.358765 0.019587 0.015277
1 0.510450 0.603768 0.040721 0.038387
0 0.603233 0.621980 0.021135 0.020757
2 0.364048 0.360329 0.017010 0.012925
2 0.323586 0.354061 0.024741 0.023110
1 0.511479 0.706195 0.024222 0.025456
2 0.234408 0.302358 0.026807 0.013707
2 0.463027 0.448267 0.017010 0.018799
2 0.219972 0.279055 0.016491 0.013319
0 0.430547 0.472352 0.027318 0.023892
2 0.223582 0.293353 0.025770 0.015277
