1 0.423772 0.413725 0.031321 0.019101
2 0.621949 0.381290 0.027172 0.017642
0 0.542650 0.618999 0.032901 0.023233
2 0.601082 0.406493 0.031256 0.017038
1 0.503035 0.630185 0.030559 0.020653
1 0.470997 0.442118 0.030648 0.013941
1 0.479506 0.561124 0.032723 0.019624
0 0.485207 0.499178 0.033412 0.023664
1 0.516912 0.633842 0.027747 0.020222
1 0.428189 0.454252 0.032002 0.018590
1 0.620474 0.401847 0.032002 0.012906
1 0.614024 0.483421 0.025891 0.017038
2 0.336803 0.350736 0.042196 0.023233
1 0.470316 0.521370 0.034716 0.015486
1 0.514368 0.706342 0.024911 0.019791
1 0.392857 0.381198 0.036086 0.025302
1 0.612889 0.513162 0.023784 0.014624
1 0.596187 0.560274 0.024352 0.016780
2 0.393533 0.344800 0.053744 0.021681
1 0.611272 0.418110 0.036694 0.013424
1 0.505308 0.596749 0.036759 0.017549
1 0.466544 0.477229 0.029895 0.012906
1 0.618776 0.445733 0.027245 0.018067
