0 0.535964 0.551398 0.025057 0.015640
2 0.479882 0.476595 0.014319 0.007475
1 0.508225 0.719591 0.016110 0.013368
1 0.436779 0.590499 0.021775 0.016773
1 0.540887 0.491669 0.024757 0.019495
2 0.529550 0.328350 0.022374 0.016552
1 0.510762 0.761299 0.018201 0.012919
2 0.540741 0.343313 0.017301 0.013374
2 0.525081 0.341496 0.017601 0.013830
2 0.496442 0.381281 0.019984 0.024483
2 0.549838 0.331296 0.027147 0.012469
1 0.506430 0.746564 0.017301 0.014729
1 0.550583 0.446675 0.015511 0.029236
1 0.513298 0.602060 0.022674 0.025388
1 0.568185 0.448830 0.012528 0.021761
2 0.643509 0.321438 0.024165 0.013602
1 0.492565 0.533264 0.016410 0.015640
1 0.498537 0.681509 0.031937 0.015185
2 0.458258 0.474781 0.017002 0.014280
1 0.510762 0.706669 0.014619 0.012919
2 0.466459 0.483057 0.013728 0.008615
1 0.527613 0.520911 0.031029 0.021305
1 0.511353 0.696807 0.014619 0.013147
