1 0.419279 0.497180 0.032528 0.019828
0 0.586848 0.486826 0.019773 0.029957
1 0.503063 0.688396 0.036580 0.020708
1 0.525385 0.664821 0.039489 0.023793
1 0.432901 0.514141 0.037747 0.018504
1 0.594388 0.538596 0.029052 0.021589
1 0.556726 0.628473 0.039433 0.023350
1 0.452618 0.593227 0.028476 0.021589
1 0.466819 0.663513 0.031370 0.014957
1 0.623667 0.443208 0.030786 0.021145
1 0.425948 0.559963 0.035429 0.022032
1 0.636422 0.459732 0.041224 0.018947
0 0.495235 0.657993 0.045284 0.031281
0 0.601633 0.487928 0.021515 0.025991
2 0.402464 0.464135 0.025575 0.018947
1 0.495814 0.750739 0.026734 0.015862
0 0.572062 0.490351 0.022666 0.023793
1 0.615839 0.500483 0.036005 0.022913
