2 0.395539 0.381758 0.012634 0.008183
1 0.528955 0.554141 0.017520 0.017235
1 0.501892 0.662248 0.029376 0.025074
2 0.327804 0.347208 0.015932 0.014957
2 0.385802 0.374046 0.015948 0.013534
2 0.406001 0.377589 0.012844 0.012124
1 0.588237 0.573528 0.020624 0.019975
1 0.513752 0.692211 0.034538 0.027808
1 0.435908 0.516927 0.026288 0.028202
1 0.535458 0.521792 0.015810 0.015640
1 0.460912 0.548070 0.030932 0.028590
1 0.427662 0.459547 0.014951 0.017629
2 0.319984 0.357109 0.015332 0.015745
1 0.381009 0.415480 0.016491 0.018017
2 0.338051 0.353504 0.021126 0.017475
1 0.502407 0.714147 0.019076 0.027814
2 0.425061 0.400336 0.014919 0.011016
1 0.608343 0.538667 0.022682 0.021546
