2 0.405312 0.548048 0.025956 0.019187
2 0.490016 0.515748 0.025608 0.013060
1 0.510871 0.760148 0.029295 0.018805
1 0.428043 0.494572 0.028290 0.021102
1 0.531580 0.643091 0.028282 0.028017
1 0.454056 0.570179 0.026767 0.018805
1 0.505823 0.739227 0.029295 0.022260
2 0.437054 0.548716 0.027010 0.019452
1 0.451280 0.637146 0.034344 0.024563
0 0.457046 0.614012 0.040332 0.030647
2 0.426005 0.451521 0.021037 0.015727
2 0.493683 0.527740 0.032245 0.016810
1 0.495725 0.676866 0.026264 0.019569
0 0.522994 0.679935 0.044449 0.042605
1 0.504558 0.693753 0.041921 0.034156
2 0.399173 0.455120 0.023501 0.015991
