1 0.510280 0.621696 0.032245 0.015720
0 0.554664 0.495727 0.032310 0.019877
2 0.530895 0.391155 0.045648 0.024698
2 0.459656 0.319418 0.033201 0.018922
1 0.514814 0.409046 0.043857 0.016638
1 0.534558 0.452946 0.038177 0.014957
1 0.498262 0.364911 0.025470 0.014021
1 0.451240 0.456432 0.025008 0.016176
1 0.503562 0.558365 0.035956 0.020339
1 0.443938 0.501275 0.032301 0.017106
2 0.451357 0.338076 0.033201 0.021546
2 0.469340 0.376179 0.034579 0.018922
2 0.413574 0.342940 0.030794 0.016829
1 0.493521 0.602047 0.031694 0.023578
1 0.503254 0.732180 0.025616 0.021268
