0 0.543132 0.563273 0.037804 0.030351
0 0.513918 0.438094 0.025778 0.025462
1 0.497366 0.546820 0.028639 0.027198
2 0.465596 0.347189 0.015891 0.012728
0 0.481058 0.646835 0.029635 0.029052
1 0.515263 0.732014 0.031029 0.021761
1 0.487820 0.412965 0.021475 0.014280
1 0.502885 0.510662 0.033112 0.028787
1 0.489757 0.475985 0.033712 0.023350
1 0.517054 0.640887 0.021483 0.016773
2 0.531317 0.336419 0.009878 0.008812
2 0.516714 0.339357 0.009878 0.011422
0 0.462370 0.645693 0.028355 0.024156
1 0.507046 0.712934 0.022342 0.019587
