1 0.602670 0.451789 0.021645 0.023110
2 0.586945 0.357980 0.010827 0.007833
1 0.457306 0.374627 0.027836 0.028590
1 0.509109 0.600631 0.038655 0.033294
1 0.531609 0.737552 0.034806 0.023048
1 0.444417 0.319988 0.020616 0.018017
2 0.421220 0.263581 0.024741 0.015671
1 0.444931 0.289236 0.016491 0.021539
0 0.459623 0.542663 0.046912 0.022321
1 0.487974 0.536983 0.023193 0.021933
2 0.575608 0.348778 0.012885 0.009009
1 0.524315 0.529541 0.022682 0.025068
1 0.523278 0.713559 0.035551 0.023042
0 0.551378 0.618454 0.041750 0.026638
1 0.529741 0.643670 0.034554 0.021158
1 0.479469 0.434751 0.038144 0.036817
1 0.588412 0.578405 0.024117 0.021724
0 0.506017 0.541684 0.032472 0.018023
2 0.582565 0.352888 0.009279 0.007833
1 0.515073 0.755403 0.026596 0.019834
1 0.538318 0.676632 0.036297 0.035320
1 0.471994 0.495348 0.040211 0.034464
1 0.591074 0.544815 0.027318 0.030554
2 0.399052 0.277291 0.019595 0.013313
2 0.524834 0.317438 0.017528 0.008227
0 0.621228 0.419280 0.022682 0.016059
