1 0.498594 0.655825 0.035049 0.032118
2 0.529781 0.304276 0.019076 0.025462
2 0.508902 0.303300 0.019587 0.022722
1 0.554656 0.320268 0.017075 0.020868
1 0.489830 0.689116 0.022674 0.018799
1 0.477662 0.544504 0.032990 0.031730
0 0.455551 0.511093 0.029384 0.029378
1 0.522306 0.437063 0.034028 0.049741
2 0.576406 0.336007 0.018614 0.014489
0 0.535968 0.601770 0.030413 0.047789
0 0.443951 0.518143 0.021645 0.032506
1 0.492925 0.504240 0.042269 0.045437
2 0.564060 0.256099 0.029903 0.019193
2 0.587743 0.345012 0.011386 0.012931
2 0.496528 0.300363 0.022682 0.016059
2 0.563002 0.350477 0.027885 0.019230
