1 0.506706 0.580939 0.034433 0.017309
2 0.539072 0.564138 0.018776 0.017648
2 0.344348 0.364575 0.042925 0.022401
1 0.401965 0.570588 0.034887 0.016964
2 0.336082 0.289058 0.047836 0.024778
2 0.374254 0.329781 0.037536 0.019353
2 0.315312 0.355240 0.033995 0.021379
0 0.514749 0.648648 0.035332 0.027149
1 0.484822 0.591970 0.041588 0.018325
0 0.485490 0.648818 0.029522 0.028165
2 0.505369 0.555145 0.038015 0.016632
1 0.351718 0.483023 0.035332 0.023756
1 0.443728 0.420403 0.033549 0.016632
1 0.335636 0.302980 0.030867 0.013251
1 0.413351 0.417688 0.031759 0.017309
0 0.470750 0.647632 0.031305 0.026472
2 0.418493 0.321980 0.037569 0.027494
2 0.465616 0.361521 0.056775 0.027833
1 0.488837 0.680551 0.039797 0.021041
1 0.368687 0.352017 0.045154 0.021718
1 0.314862 0.384766 0.039352 0.020702
0 0.519194 0.565668 0.025470 0.017309
