1 0.368695 0.555379 0.027018 0.013073
0 0.451803 0.630089 0.037609 0.028159
0 0.571564 0.362214 0.019352 0.011656
0 0.389473 0.526521 0.016694 0.010862
0 0.488059 0.409778 0.014319 0.009852
1 0.508270 0.501773 0.014368 0.021835
2 0.582147 0.300477 0.012464 0.008442
0 0.504866 0.410785 0.019878 0.013073
0 0.299753 0.435520 0.017755 0.006632
0 0.455109 0.549046 0.028874 0.017697
2 0.568784 0.292934 0.016434 0.005831
1 0.473768 0.666592 0.026499 0.016693
1 0.292342 0.452214 0.017763 0.008245
1 0.567990 0.334363 0.018558 0.006238
0 0.452597 0.561813 0.023849 0.015486
1 0.319595 0.489215 0.017212 0.009452
0 0.363006 0.536776 0.031524 0.024132
0 0.542435 0.355480 0.021499 0.019101
1 0.559259 0.362131 0.015908 0.008621
1 0.477642 0.601182 0.036305 0.013793
0 0.463051 0.607266 0.022520 0.018300
0 0.500900 0.615311 0.038930 0.023528
1 0.587573 0.311829 0.015908 0.006663
0 0.387622 0.535671 0.023055 0.016293
1 0.495774 0.569868 0.016669 0.012063
