2 0.582994 0.327931 0.031791 0.018608
0 0.430239 0.539295 0.029895 0.043085
0 0.456787 0.546933 0.025259 0.026244
1 0.511321 0.732506 0.026596 0.019458
2 0.260600 0.328257 0.027066 0.025135
0 0.470705 0.566909 0.032480 0.025456
0 0.500859 0.576312 0.026807 0.037993
2 0.279287 0.286478 0.030924 0.025135
0 0.477407 0.541059 0.027326 0.030160
1 0.507220 0.641687 0.023614 0.022291
0 0.573545 0.416878 0.024060 0.026761
0 0.290243 0.423079 0.022771 0.028719
0 0.545964 0.630169 0.032480 0.037605
2 0.551852 0.350779 0.027058 0.019908
