1 0.385608 0.515711 0.009887 0.009390
2 0.563918 0.562525 0.017431 0.008990
0 0.420130 0.519560 0.013241 0.010930
2 0.585559 0.407749 0.021637 0.012297
2 0.575592 0.565271 0.013809 0.009495
2 0.618525 0.385662 0.027634 0.013664
1 0.610429 0.483581 0.022237 0.012752
2 0.431815 0.516145 0.012642 0.015025
2 0.563424 0.554156 0.014465 0.008239
1 0.407545 0.547343 0.024036 0.013664
2 0.571771 0.415493 0.014449 0.016847
1 0.510632 0.642300 0.025235 0.012297
2 0.351293 0.442697 0.010981 0.014397
0 0.490255 0.626817 0.027626 0.021404
0 0.461483 0.613384 0.020438 0.011841
2 0.614028 0.368581 0.024635 0.015942
