1 0.436252 0.607272 0.036086 0.023830
1 0.495061 0.728045 0.026199 0.019908
1 0.485223 0.696712 0.026637 0.028399
1 0.486941 0.606619 0.027496 0.023830
0 0.484149 0.339615 0.025348 0.013381
1 0.523671 0.391352 0.044246 0.025462
0 0.485223 0.552275 0.036945 0.024809
2 0.411767 0.344184 0.018898 0.010770
1 0.415207 0.537097 0.024919 0.013381
2 0.585960 0.237451 0.025340 0.017956
2 0.426374 0.456308 0.019765 0.011755
0 0.564481 0.331783 0.014182 0.011422
0 0.554599 0.348103 0.022763 0.016650
2 0.564481 0.240714 0.018476 0.014039
1 0.590900 0.278088 0.030065 0.038516
0 0.454084 0.632408 0.046823 0.026441
1 0.418857 0.564840 0.034797 0.024483
1 0.498971 0.656561 0.028347 0.019255
1 0.506706 0.584424 0.027496 0.018602
