1 0.432715 0.522626 0.027326 0.016890
0 0.380373 0.437395 0.033323 0.027722
1 0.498651 0.650040 0.034854 0.023023
1 0.662869 0.554778 0.025575 0.021281
1 0.407715 0.457768 0.029854 0.017654
0 0.542682 0.683935 0.064846 0.050197
2 0.331264 0.403134 0.024554 0.018436
2 0.302622 0.403245 0.030397 0.019101
1 0.510016 0.715280 0.029287 0.017654
0 0.550863 0.650548 0.054546 0.030394
0 0.583262 0.674723 0.050365 0.032697
1 0.480446 0.593433 0.038947 0.018036
1 0.468071 0.557740 0.036418 0.021108
1 0.409733 0.478107 0.033890 0.019957
1 0.639287 0.594393 0.030357 0.022260
1 0.499891 0.620105 0.029344 0.014581
