0 0.462022 0.629501 0.024109 0.014323
2 0.367281 0.431635 0.014903 0.013270
0 0.434724 0.539683 0.022723 0.018319
1 0.512950 0.508661 0.019724 0.010819
1 0.518148 0.606019 0.021062 0.009477
1 0.509254 0.719313 0.025754 0.010819
1 0.550158 0.361724 0.015243 0.006108
2 0.490118 0.352965 0.015243 0.008516
0 0.524287 0.349178 0.016759 0.009883
2 0.576130 0.318116 0.009700 0.011576
1 0.495976 0.670991 0.026053 0.015160
0 0.483505 0.634347 0.031596 0.022746
1 0.528201 0.410031 0.016337 0.008239
0 0.406317 0.535049 0.020786 0.014113
1 0.506929 0.644772 0.026337 0.017475
0 0.452046 0.614550 0.025227 0.016010
1 0.543092 0.371413 0.014968 0.008208
2 0.382330 0.429797 0.016767 0.011860
2 0.585608 0.314304 0.010810 0.010160
2 0.480438 0.411583 0.018250 0.012143
1 0.414352 0.564427 0.020227 0.012635
1 0.366698 0.489455 0.013606 0.011792
1 0.527569 0.472608 0.022172 0.009686
0 0.525316 0.404360 0.010211 0.007869
