1 0.453278 0.461740 0.025259 0.021151
1 0.534733 0.680111 0.034538 0.036429
2 0.622103 0.428248 0.017528 0.016841
1 0.589113 0.547716 0.022682 0.023892
1 0.522358 0.717321 0.027326 0.030160
2 0.602771 0.415520 0.018039 0.016447
2 0.442715 0.302124 0.026807 0.013707
0 0.508185 0.538904 0.018558 0.014101
2 0.626742 0.417675 0.024749 0.012925
1 0.487820 0.535573 0.029384 0.025456
1 0.514781 0.756801 0.035057 0.025462
2 0.499652 0.322491 0.017066 0.011361
1 0.476224 0.433143 0.031961 0.025068
1 0.459210 0.372629 0.035049 0.034865
1 0.528286 0.647010 0.040203 0.032124
0 0.457662 0.537337 0.034028 0.021151
2 0.479056 0.331696 0.023201 0.010967
1 0.589113 0.579052 0.028874 0.022328
2 0.508930 0.332091 0.011912 0.008615
2 0.490397 0.317204 0.019076 0.013313
