1 0.579518 0.530062 0.032002 0.018559
1 0.412735 0.441385 0.023963 0.012451
2 0.432014 0.426727 0.027042 0.017518
1 0.366844 0.469677 0.019068 0.013812
1 0.407715 0.523020 0.026953 0.021115
1 0.553829 0.603651 0.034530 0.022401
1 0.557196 0.564615 0.027796 0.026238
1 0.451925 0.550859 0.029473 0.021755
1 0.424980 0.543180 0.034530 0.019193
0 0.380583 0.458051 0.019951 0.016841
0 0.404526 0.487023 0.038566 0.019538
1 0.577411 0.486866 0.029473 0.029433
0 0.447297 0.587334 0.030316 0.035837
0 0.421609 0.589895 0.034530 0.034557
1 0.428910 0.488531 0.018177 0.014501
0 0.507929 0.632127 0.040429 0.030720
1 0.523513 0.732275 0.031159 0.022395
1 0.524356 0.665724 0.034530 0.022395
