2 0.451357 0.483180 0.028938 0.025191
1 0.552938 0.652851 0.025616 0.017635
1 0.580640 0.610031 0.026094 0.014754
1 0.394996 0.462488 0.031775 0.013313
1 0.476220 0.624064 0.031305 0.019791
0 0.493975 0.603193 0.023250 0.017629
1 0.513870 0.702691 0.030835 0.017993
1 0.419388 0.502432 0.031305 0.024828
1 0.461775 0.590419 0.027990 0.017993
0 0.548675 0.665985 0.026572 0.020148
1 0.444724 0.548131 0.030827 0.020511
0 0.481661 0.583759 0.026094 0.016915
0 0.511973 0.671204 0.021353 0.023393
1 0.490665 0.676601 0.030827 0.019076
