1 0.498501 0.694341 0.023096 0.017549
0 0.520365 0.623217 0.018671 0.013442
2 0.414141 0.557749 0.018558 0.012198
1 0.484007 0.608473 0.019652 0.017549
2 0.501998 0.426327 0.013590 0.009243
2 0.494003 0.411798 0.017763 0.012414
2 0.457857 0.558110 0.019149 0.012943
2 0.462723 0.514929 0.021232 0.011619
1 0.440592 0.506804 0.026613 0.012796
1 0.503598 0.483895 0.027699 0.013208
1 0.458788 0.582740 0.022812 0.011970
2 0.478533 0.506610 0.013241 0.012937
1 0.512747 0.433371 0.015235 0.007839
1 0.486487 0.669203 0.018468 0.009908
1 0.492192 0.718728 0.020089 0.011558
2 0.460636 0.502780 0.020543 0.011619
1 0.534554 0.668171 0.022269 0.011145
2 0.419968 0.546225 0.017066 0.010825
