2 0.608254 0.317531 0.018971 0.015776
1 0.657297 0.366626 0.027561 0.025837
1 0.455223 0.524119 0.030786 0.028017
2 0.412439 0.370844 0.016823 0.014692
2 0.694526 0.265440 0.022553 0.017679
1 0.620604 0.464415 0.025778 0.030468
1 0.564583 0.548196 0.042601 0.037537
0 0.659445 0.410554 0.018971 0.013054
1 0.515535 0.651555 0.041167 0.029920
2 0.441062 0.375877 0.018298 0.013873
1 0.604137 0.480052 0.022909 0.048147
1 0.536661 0.589132 0.056921 0.037266
2 0.677520 0.276321 0.025057 0.013331
2 0.359100 0.363636 0.017536 0.008430
2 0.355340 0.341056 0.028639 0.010610
1 0.532006 0.619187 0.029716 0.021219
0 0.615057 0.416675 0.026126 0.021490
2 0.423363 0.369347 0.012172 0.008978
1 0.517865 0.677534 0.030786 0.026927
2 0.718870 0.271967 0.025421 0.017679
2 0.617917 0.323377 0.013241 0.010610
2 0.397050 0.385804 0.011815 0.013060
2 0.630806 0.319163 0.018258 0.015234
2 0.351224 0.347860 0.011815 0.007346
0 0.564400 0.512288 0.035802 0.025573
2 0.420320 0.382537 0.022553 0.009791
2 0.710997 0.284344 0.020405 0.010881
0 0.403132 0.409877 0.021840 0.012241
