1 0.370823 0.505006 0.034141 0.019433
1 0.505085 0.486832 0.028938 0.017629
1 0.495612 0.404606 0.033671 0.019433
0 0.510166 0.349270 0.026929 0.011509
1 0.589380 0.531813 0.039360 0.020511
1 0.514319 0.336413 0.030357 0.015474
0 0.483059 0.357645 0.027512 0.017629
0 0.539891 0.575899 0.035097 0.034544
0 0.477362 0.628618 0.040737 0.032026
1 0.610681 0.448134 0.027180 0.016897
0 0.615429 0.431235 0.026094 0.020154
0 0.520004 0.578417 0.029408 0.032389
0 0.630583 0.445450 0.036515 0.024828
1 0.357322 0.470637 0.028938 0.020511
1 0.510766 0.719119 0.033671 0.017993
0 0.673205 0.419898 0.025146 0.019070
1 0.607139 0.491872 0.036045 0.017635
1 0.633189 0.459123 0.034141 0.019070
0 0.547942 0.333353 0.027520 0.022309
1 0.398999 0.564021 0.029878 0.019433
0 0.490875 0.575357 0.029887 0.026268
1 0.519765 0.627534 0.038412 0.019070
