2 0.519550 0.452869 0.037058 0.018966
1 0.525976 0.522106 0.033266 0.018387
1 0.459806 0.552568 0.017504 0.014532
1 0.507609 0.653799 0.020827 0.013584
1 0.523221 0.613054 0.019538 0.012315
1 0.515511 0.699760 0.021653 0.012635
2 0.491572 0.443676 0.035543 0.021256
1 0.507196 0.599313 0.018331 0.015166
1 0.471029 0.573097 0.024149 0.012635
1 0.448586 0.530296 0.019165 0.011687
1 0.525097 0.561253 0.024100 0.023688
2 0.512747 0.450573 0.018914 0.023559
1 0.512188 0.624427 0.026645 0.015480
2 0.553197 0.478150 0.025713 0.024711
