2 0.448849 0.347423 0.016661 0.012087
0 0.626629 0.506019 0.023614 0.014797
1 0.482038 0.461709 0.025357 0.033245
1 0.557982 0.559233 0.026596 0.041743
1 0.549903 0.579917 0.031329 0.021533
0 0.473756 0.581813 0.038663 0.024809
2 0.394404 0.380480 0.015162 0.012463
1 0.617147 0.340246 0.023614 0.020776
2 0.392865 0.394855 0.012925 0.014353
2 0.625353 0.279326 0.022618 0.019834
0 0.434340 0.377888 0.022374 0.017943
2 0.604842 0.280650 0.020381 0.017568
1 0.485766 0.525422 0.027350 0.016817
0 0.581467 0.495160 0.024862 0.018264
0 0.525016 0.427238 0.018023 0.023454
0 0.541382 0.427552 0.031694 0.025659
2 0.687127 0.323433 0.022877 0.014735
0 0.605186 0.513501 0.030032 0.023454
1 0.535531 0.617820 0.032504 0.041158
