2 0.557269 0.478553 0.023290 0.018165
2 0.546402 0.494119 0.019562 0.012032
1 0.464801 0.584406 0.015989 0.012284
0 0.476515 0.694304 0.032561 0.030468
2 0.498578 0.637996 0.024254 0.013799
2 0.476216 0.640720 0.019417 0.016515
2 0.488967 0.532457 0.027010 0.021232
2 0.464749 0.530095 0.013971 0.015573
1 0.508298 0.720379 0.021021 0.015289
0 0.437581 0.544486 0.020494 0.013208
0 0.515758 0.677432 0.028241 0.020640
1 0.443525 0.563107 0.020486 0.012555
1 0.578181 0.497509 0.018128 0.012420
1 0.500389 0.616558 0.023533 0.014064
