1 0.511195 0.702549 0.035810 0.020049
0 0.506459 0.498664 0.027374 0.021835
1 0.492326 0.681247 0.033031 0.018257
1 0.511430 0.568297 0.038160 0.017900
0 0.522950 0.620745 0.028314 0.027562
0 0.500101 0.517460 0.025016 0.023627
0 0.474874 0.498849 0.025454 0.017894
2 0.519943 0.411099 0.056613 0.031804
2 0.478610 0.348285 0.043006 0.034982
1 0.496098 0.431718 0.025486 0.013966
2 0.481746 0.381681 0.055567 0.028621
1 0.536147 0.513341 0.023606 0.012531
0 0.499631 0.618778 0.029733 0.023627
1 0.506933 0.453377 0.031143 0.012174
1 0.507403 0.554335 0.023606 0.015037
1 0.557816 0.638827 0.032083 0.017900
1 0.559230 0.422408 0.022658 0.013966
0 0.545097 0.623790 0.028314 0.023627
1 0.485494 0.422408 0.023128 0.013966
1 0.542034 0.662451 0.029724 0.015037
0 0.517062 0.493116 0.020300 0.015037
2 0.438853 0.361546 0.023136 0.015394
