1 0.461471 0.530305 0.030932 0.026767
2 0.479194 0.459144 0.013363 0.015567
2 0.493444 0.458805 0.015138 0.014889
2 0.464939 0.459144 0.009797 0.014212
2 0.348691 0.325129 0.012472 0.014212
2 0.338448 0.327836 0.009797 0.014218
2 0.508606 0.461850 0.016888 0.012863
0 0.517942 0.630385 0.023160 0.027752
2 0.363391 0.326484 0.009797 0.014212
0 0.499680 0.633094 0.025827 0.026398
1 0.505288 0.664298 0.024919 0.031010
1 0.473497 0.559015 0.030073 0.022167
1 0.496564 0.691324 0.028347 0.027414
2 0.447123 0.453728 0.018703 0.015573
1 0.409489 0.408393 0.024052 0.027094
1 0.485097 0.603747 0.027488 0.022851
1 0.424311 0.456210 0.029643 0.026115
2 0.331329 0.338664 0.022269 0.019631
