2 0.509599 0.387663 0.036912 0.022863
2 0.587905 0.330262 0.041207 0.028467
0 0.469984 0.639908 0.033841 0.026133
1 0.498237 0.684708 0.028922 0.016804
1 0.501305 0.662543 0.038752 0.021933
1 0.561499 0.376696 0.027699 0.013996
0 0.501921 0.635705 0.030162 0.024267
1 0.531710 0.495933 0.029546 0.016336
2 0.432212 0.373430 0.041831 0.023337
1 0.470600 0.507602 0.033841 0.020068
1 0.549214 0.357562 0.026467 0.017734
1 0.513282 0.610505 0.027083 0.016798
1 0.504072 0.592771 0.029538 0.018670
0 0.539080 0.545634 0.032002 0.022401
2 0.444806 0.509002 0.033841 0.022869
2 0.521576 0.340994 0.032618 0.023799
1 0.570097 0.367365 0.027699 0.013067
2 0.475511 0.395594 0.035073 0.020068
1 0.497010 0.706410 0.027699 0.022869
