1 0.480438 0.583300 0.027147 0.021502
0 0.550875 0.672047 0.046418 0.032482
0 0.509335 0.676164 0.039190 0.034310
1 0.463582 0.551047 0.034376 0.021047
0 0.534623 0.704529 0.057253 0.032482
2 0.447626 0.538467 0.044619 0.022414
1 0.518067 0.621496 0.036183 0.021047
1 0.446722 0.608461 0.027156 0.016010
0 0.507528 0.584667 0.042804 0.034310
1 0.578874 0.573005 0.031361 0.020123
1 0.495186 0.713448 0.032577 0.021047
1 0.511143 0.727401 0.034376 0.016010
0 0.539976 0.577826 0.038363 0.028805
1 0.447326 0.585585 0.029562 0.018756
