2 0.454680 0.359557 0.023266 0.019039
2 0.444121 0.358602 0.013606 0.015505
1 0.552589 0.560844 0.029360 0.028288
1 0.515900 0.669917 0.028995 0.034821
0 0.478485 0.502639 0.017601 0.015868
2 0.404923 0.349627 0.009668 0.011151
2 0.431414 0.373701 0.014676 0.015776
2 0.527707 0.378732 0.033290 0.025296
1 0.561276 0.508196 0.027318 0.018411
2 0.416540 0.348131 0.010065 0.010881
0 0.530511 0.602605 0.023566 0.023805
2 0.403489 0.339292 0.014676 0.009520
0 0.492472 0.588097 0.026256 0.013830
2 0.419064 0.331265 0.016475 0.011964
0 0.482925 0.576875 0.026256 0.017223
2 0.390782 0.333171 0.026491 0.009249
0 0.515146 0.601130 0.025057 0.022211
1 0.477950 0.539350 0.046175 0.023393
1 0.494238 0.739825 0.024344 0.016324
