2 0.501337 0.405998 0.028444 0.013842
2 0.360936 0.338676 0.024465 0.015776
1 0.504801 0.639449 0.027755 0.017937
1 0.483347 0.560683 0.027634 0.021367
2 0.480470 0.398993 0.024959 0.025326
1 0.596434 0.423651 0.022366 0.017377
1 0.508545 0.419236 0.032990 0.014458
2 0.474190 0.413433 0.025041 0.015413
1 0.510304 0.679172 0.025421 0.021398
2 0.520539 0.380727 0.023590 0.016995
1 0.527026 0.695049 0.029579 0.015099
1 0.512966 0.484729 0.029822 0.014655
2 0.382310 0.339982 0.021605 0.015062
2 0.634951 0.380037 0.020373 0.016478
2 0.614340 0.380822 0.022520 0.017432
1 0.526706 0.543935 0.022925 0.021613
2 0.434348 0.279387 0.035032 0.016164
