2 0.406236 0.553507 0.031353 0.020080
0 0.493485 0.701952 0.041783 0.031700
1 0.579348 0.692177 0.029959 0.017432
1 0.478537 0.669200 0.031353 0.024298
1 0.501135 0.727044 0.034830 0.020603
0 0.464291 0.607919 0.032050 0.028522
1 0.402767 0.568562 0.027204 0.018491
1 0.513999 0.712515 0.038306 0.017962
1 0.488967 0.586789 0.032747 0.017962
0 0.422938 0.558784 0.027220 0.019009
1 0.437172 0.602900 0.034830 0.023768
0 0.525814 0.680028 0.032747 0.022716
1 0.461856 0.631690 0.029968 0.021127
0 0.524769 0.700631 0.032050 0.022716
1 0.613760 0.676065 0.027877 0.019015
0 0.380863 0.568562 0.026491 0.024834
