1 0.478983 0.553833 0.026767 0.017408
0 0.471722 0.633183 0.027528 0.023498
2 0.585697 0.411087 0.053112 0.023208
1 0.586467 0.494643 0.027909 0.013350
1 0.536633 0.650443 0.026767 0.015086
1 0.455308 0.496967 0.024473 0.012765
1 0.399177 0.410939 0.025243 0.019440
1 0.560883 0.536278 0.022561 0.015954
1 0.532435 0.630717 0.026005 0.012765
1 0.581884 0.533667 0.025616 0.015954
1 0.505705 0.717900 0.024473 0.018276
0 0.507998 0.631441 0.025235 0.021761
1 0.498468 0.666533 0.025267 0.016564
0 0.527472 0.575012 0.035932 0.024951
2 0.662447 0.406592 0.055397 0.024661
2 0.387342 0.318824 0.051961 0.023214
1 0.583983 0.479704 0.028290 0.012475
1 0.579019 0.507118 0.023712 0.013350
1 0.554202 0.418630 0.028290 0.014501
1 0.440989 0.458522 0.025624 0.016539
1 0.387723 0.373513 0.025235 0.018282
1 0.535109 0.618528 0.026005 0.014507
