1 0.504441 0.699369 0.029789 0.015757
1 0.671005 0.343310 0.027018 0.009452
0 0.657747 0.351752 0.014976 0.009243
1 0.485093 0.565453 0.032553 0.011558
0 0.453942 0.490477 0.026021 0.023541
0 0.458898 0.534030 0.021070 0.021188
0 0.637593 0.353467 0.025397 0.017426
0 0.412423 0.491653 0.012399 0.009883
1 0.484376 0.451675 0.019838 0.012672
0 0.630296 0.340268 0.010802 0.006336
0 0.430085 0.487180 0.021694 0.018830
1 0.505596 0.604861 0.035178 0.019501
2 0.529194 0.328519 0.011499 0.009243
2 0.731925 0.309643 0.017399 0.016367
0 0.514360 0.554283 0.042755 0.027777
1 0.656880 0.364686 0.027828 0.014520
2 0.525373 0.318091 0.011507 0.009507
1 0.497229 0.413264 0.019141 0.008707
1 0.609976 0.453393 0.023663 0.010296
1 0.616750 0.415905 0.026791 0.011355
