2 0.616070 0.296484 0.031961 0.026244
1 0.485182 0.592682 0.034368 0.034600
2 0.556021 0.280622 0.029384 0.016453
1 0.492269 0.687571 0.018898 0.022518
0 0.398023 0.552848 0.035057 0.025856
2 0.593647 0.236946 0.019076 0.034076
1 0.506232 0.382962 0.025770 0.022525
0 0.420190 0.526213 0.036086 0.037599
2 0.558339 0.231068 0.021653 0.019193
1 0.480887 0.493618 0.022342 0.023824
0 0.399826 0.533849 0.033509 0.027808
1 0.472079 0.545191 0.023622 0.023177
1 0.472938 0.514018 0.020186 0.015671
1 0.499571 0.653233 0.039092 0.027094
0 0.536430 0.603765 0.025259 0.031336
2 0.548027 0.269261 0.021645 0.014889
2 0.609372 0.355434 0.026799 0.025068
0 0.447249 0.520336 0.035567 0.043085
2 0.575093 0.236164 0.013914 0.023892
