1 0.511892 0.534942 0.027447 0.026521
2 0.561086 0.368722 0.021783 0.014957
2 0.601062 0.324861 0.033712 0.021533
2 0.363898 0.224443 0.024765 0.014735
1 0.505166 0.676499 0.027771 0.012691
1 0.512192 0.640345 0.028047 0.023805
1 0.512771 0.703359 0.014943 0.019267
2 0.393432 0.236004 0.015810 0.012919
0 0.434773 0.307571 0.023712 0.023110
2 0.347938 0.234868 0.013720 0.007026
2 0.378963 0.215942 0.019092 0.014963
2 0.545575 0.366001 0.017002 0.014957
2 0.532030 0.359609 0.017901 0.013147
1 0.453720 0.487792 0.031021 0.019723
2 0.388809 0.223987 0.016110 0.009748
