1 0.457229 0.417198 0.026045 0.016158
2 0.631775 0.412260 0.026645 0.023337
2 0.534607 0.487214 0.023687 0.019748
1 0.583043 0.449064 0.034319 0.015259
1 0.509797 0.596952 0.034311 0.020197
0 0.477018 0.550724 0.033728 0.019304
2 0.444230 0.542645 0.031961 0.025585
2 0.481442 0.472851 0.028412 0.016158
1 0.593379 0.410462 0.023096 0.014360
1 0.549376 0.505841 0.027229 0.015708
1 0.473173 0.576530 0.023687 0.014366
1 0.516001 0.565311 0.029003 0.018849
1 0.453979 0.449963 0.033728 0.016158
1 0.484696 0.699510 0.038452 0.021546
