0 0.536058 0.502525 0.025357 0.022438
0 0.629968 0.427337 0.033712 0.025388
1 0.533027 0.620259 0.029895 0.029766
0 0.664866 0.424280 0.018793 0.022894
2 0.760065 0.301921 0.022788 0.021909
0 0.652192 0.354461 0.026848 0.016546
0 0.678144 0.421672 0.026256 0.021312
1 0.518335 0.649049 0.040721 0.033294
0 0.572690 0.520954 0.040276 0.026293
2 0.729943 0.257977 0.020551 0.016656
0 0.358201 0.374409 0.015219 0.012919
0 0.407127 0.419067 0.034903 0.021989
0 0.555389 0.509846 0.019984 0.014507
1 0.522719 0.681949 0.029895 0.034083
2 0.736021 0.307802 0.018817 0.012463
0 0.395340 0.379852 0.026256 0.018362
1 0.461118 0.520770 0.026288 0.024286
2 0.761536 0.258177 0.017431 0.012857
1 0.576584 0.554455 0.040721 0.039169
1 0.679943 0.375058 0.020616 0.018799
1 0.416268 0.443211 0.028355 0.018799
