1 0.481908 0.293716 0.029635 0.017691
1 0.477958 0.342294 0.026483 0.014095
1 0.507362 0.592232 0.022925 0.020991
1 0.524129 0.654153 0.027269 0.015893
0 0.551560 0.646955 0.026880 0.025486
1 0.482893 0.413661 0.020567 0.017691
2 0.482694 0.563445 0.029635 0.023393
1 0.504992 0.473183 0.027666 0.025788
2 0.459611 0.382475 0.021345 0.023091
1 0.530458 0.683990 0.035146 0.020985
1 0.512488 0.580083 0.026872 0.015893
0 0.573857 0.646955 0.028849 0.026090
1 0.604048 0.572891 0.028452 0.017691
2 0.641929 0.393568 0.047391 0.021287
2 0.473424 0.358784 0.044238 0.023688
2 0.651600 0.410813 0.046216 0.023387
2 0.469870 0.314708 0.039498 0.017691
2 0.513278 0.280520 0.031613 0.027888
1 0.672119 0.431952 0.030429 0.016490
2 0.695207 0.361635 0.031613 0.022789
0 0.504007 0.384726 0.024903 0.018590
1 0.504992 0.520862 0.028460 0.019791
