1 0.507192 0.753254 0.019684 0.019809
0 0.559542 0.413808 0.022342 0.020240
1 0.502192 0.681305 0.027917 0.025788
1 0.554603 0.493944 0.031361 0.028393
1 0.644348 0.317885 0.018193 0.024945
2 0.664145 0.281690 0.015535 0.015585
2 0.677613 0.284760 0.014708 0.017943
1 0.567370 0.445237 0.022909 0.026385
1 0.534194 0.578812 0.035227 0.022525
0 0.561904 0.545680 0.033938 0.029378
1 0.624360 0.348707 0.024165 0.027204
1 0.513793 0.707091 0.021053 0.021213
1 0.517014 0.601493 0.030073 0.029378
0 0.472123 0.634301 0.036515 0.021213
1 0.439259 0.592355 0.021483 0.017629
2 0.470036 0.469957 0.010154 0.013067
1 0.555701 0.464957 0.026848 0.027204
2 0.655340 0.250841 0.011183 0.016841
2 0.669635 0.251155 0.020308 0.018738
0 0.586819 0.354729 0.027058 0.017623
0 0.524591 0.627555 0.027464 0.021995
1 0.500466 0.565791 0.023266 0.024748
1 0.510389 0.727081 0.015365 0.013904
1 0.429380 0.569834 0.024060 0.022845
0 0.540855 0.400588 0.023622 0.016644
2 0.674088 0.299560 0.012634 0.010708
2 0.449631 0.476804 0.018647 0.016687
0 0.533979 0.551718 0.034797 0.026441
