1 0.495579 0.693993 0.034384 0.030105
2 0.581945 0.339578 0.043371 0.017260
1 0.448829 0.611912 0.037026 0.015252
1 0.600429 0.373494 0.032804 0.015252
1 0.622609 0.339969 0.031767 0.017229
2 0.621827 0.319310 0.039668 0.020874
1 0.548667 0.508762 0.033865 0.021675
2 0.642682 0.393162 0.034895 0.015252
0 0.488448 0.557325 0.033865 0.028097
0 0.460470 0.559744 0.032771 0.027309
1 0.497455 0.512574 0.039092 0.019667
2 0.401819 0.377109 0.037026 0.019267
1 0.519376 0.667703 0.032220 0.016860
1 0.449623 0.421059 0.029100 0.018067
1 0.456491 0.457786 0.035446 0.019267
1 0.576398 0.453772 0.037561 0.016053
