0 0.498282 0.628510 0.030924 0.023842
1 0.500308 0.575243 0.034976 0.018073
1 0.519542 0.672737 0.031937 0.020770
1 0.601787 0.505440 0.029408 0.015388
0 0.626844 0.384101 0.028906 0.019618
1 0.605077 0.468328 0.031937 0.019612
0 0.602123 0.378310 0.040421 0.024772
1 0.500304 0.700816 0.031937 0.019230
0 0.414765 0.330643 0.034976 0.024230
1 0.426917 0.335065 0.031937 0.016151
1 0.424891 0.374486 0.039019 0.021927
0 0.393254 0.327759 0.031434 0.021539
0 0.644052 0.343334 0.037002 0.024230
0 0.468926 0.540246 0.035989 0.028079
0 0.506629 0.534861 0.039530 0.034230
1 0.483602 0.665625 0.022828 0.014230
