0 0.505721 0.620523 0.032577 0.020197
0 0.431730 0.574107 0.018712 0.015086
2 0.518772 0.270388 0.017010 0.012192
2 0.532079 0.269754 0.019668 0.011281
0 0.452925 0.571204 0.027083 0.020203
1 0.525717 0.373297 0.020835 0.012740
0 0.496272 0.407512 0.027083 0.019655
1 0.498428 0.582306 0.032350 0.014735
1 0.503335 0.738630 0.018225 0.013282
1 0.402030 0.519338 0.025891 0.019834
1 0.527156 0.429895 0.027536 0.016379
0 0.412208 0.465022 0.016070 0.013467
0 0.423331 0.580668 0.020113 0.016927
1 0.426102 0.550003 0.021815 0.011644
1 0.507528 0.485674 0.018947 0.010733
0 0.517828 0.404874 0.013193 0.013282
1 0.511122 0.716518 0.026605 0.017112
1 0.552796 0.283855 0.020859 0.010012
