1 0.561390 0.506933 0.019327 0.026761
2 0.524919 0.378858 0.019643 0.017752
1 0.516066 0.672100 0.030073 0.026108
0 0.480741 0.502442 0.021483 0.016324
2 0.441009 0.357460 0.021483 0.013602
0 0.517796 0.600908 0.024700 0.022309
1 0.551293 0.563239 0.036945 0.023830
2 0.455685 0.363852 0.012893 0.012235
1 0.478051 0.539738 0.039943 0.026435
2 0.395701 0.335111 0.019327 0.017956
1 0.549360 0.602897 0.023630 0.024809
2 0.545361 0.365351 0.023266 0.012512
1 0.553655 0.431207 0.021912 0.024150
0 0.532990 0.604307 0.028671 0.023122
2 0.423626 0.330585 0.026929 0.011810
1 0.564396 0.474784 0.016750 0.021219
2 0.402395 0.324840 0.019684 0.014163
2 0.562707 0.375363 0.011183 0.008879
2 0.460340 0.353790 0.015754 0.010610
