2 0.390648 0.364600 0.021135 0.024680
2 0.375701 0.298405 0.020105 0.018411
2 0.584473 0.343251 0.011864 0.020369
0 0.561536 0.516182 0.030932 0.044261
0 0.468229 0.598830 0.040203 0.036429
1 0.608444 0.439415 0.026807 0.023892
0 0.514368 0.603925 0.029384 0.037211
1 0.432662 0.502278 0.025778 0.021933
2 0.600713 0.298208 0.021653 0.018805
2 0.596074 0.331499 0.019587 0.021151
2 0.626459 0.336201 0.016548 0.015665
2 0.421835 0.352848 0.024741 0.029378
1 0.530604 0.580619 0.022682 0.026632
2 0.575709 0.328759 0.013914 0.013319
1 0.449157 0.550656 0.019595 0.037211
2 0.401220 0.297817 0.039182 0.022716
2 0.596074 0.283910 0.027836 0.023892
0 0.604040 0.523433 0.033558 0.037605
1 0.500705 0.623313 0.023712 0.029766
