1 0.506661 0.650788 0.020486 0.015567
0 0.563570 0.676659 0.030851 0.027518
2 0.516714 0.506145 0.022358 0.021232
1 0.482289 0.556897 0.021418 0.016515
2 0.482812 0.503885 0.024587 0.021798
1 0.627164 0.583855 0.033938 0.022648
0 0.582881 0.673790 0.018323 0.019107
0 0.548732 0.656450 0.021418 0.015573
2 0.579874 0.574067 0.019652 0.015967
1 0.576864 0.636087 0.040648 0.023491
2 0.471921 0.578143 0.019222 0.013245
2 0.504554 0.523448 0.022804 0.013929
2 0.459846 0.574406 0.019222 0.016644
1 0.489121 0.597706 0.023282 0.016041
2 0.607160 0.576783 0.017885 0.015967
1 0.439781 0.467786 0.022723 0.015856
