0 0.527561 0.634430 0.019076 0.014674
1 0.537220 0.636693 0.015494 0.011232
2 0.508314 0.570434 0.041880 0.018947
1 0.458043 0.608427 0.028857 0.014132
1 0.540081 0.617488 0.019789 0.011601
1 0.435616 0.560243 0.030940 0.019440
1 0.414299 0.531730 0.026686 0.016367
1 0.492747 0.653547 0.032431 0.015948
1 0.510474 0.548925 0.025583 0.015807
2 0.406463 0.465991 0.055924 0.032549
1 0.496321 0.685530 0.024797 0.012143
0 0.458221 0.595505 0.032131 0.021244
2 0.473096 0.577648 0.034506 0.026219
2 0.357978 0.467343 0.045810 0.033454
1 0.548428 0.594384 0.016937 0.009963
1 0.509915 0.697401 0.019554 0.014138
