1 0.539344 0.475865 0.027925 0.019587
2 0.430798 0.376690 0.034595 0.014009
2 0.461082 0.356653 0.022342 0.015018
0 0.521049 0.577217 0.026491 0.015505
1 0.466856 0.493411 0.036872 0.024754
0 0.522342 0.600988 0.037585 0.016866
1 0.455575 0.398750 0.020762 0.019310
0 0.432848 0.505924 0.026848 0.018227
0 0.549348 0.597454 0.026524 0.017950
1 0.503545 0.724618 0.030073 0.018227
1 0.486005 0.620031 0.039384 0.025567
2 0.546353 0.376404 0.030502 0.016650
2 0.474830 0.325973 0.019757 0.014360
2 0.528525 0.382442 0.019757 0.023504
1 0.456831 0.451656 0.029708 0.015234
1 0.539882 0.511228 0.029716 0.017408
1 0.467391 0.569027 0.027212 0.018768
1 0.553663 0.418608 0.020762 0.017685
2 0.458120 0.327050 0.020194 0.013054
2 0.479984 0.357469 0.021475 0.019914
