0 0.384988 0.460896 0.034190 0.017321
0 0.422026 0.484708 0.038363 0.018183
0 0.407970 0.446031 0.032293 0.014723
1 0.440069 0.520643 0.028112 0.016743
1 0.442346 0.412115 0.026588 0.015585
1 0.483942 0.504338 0.026216 0.018183
2 0.475016 0.395517 0.030389 0.016453
0 0.491159 0.422796 0.031524 0.014433
1 0.393724 0.493802 0.032666 0.020782
1 0.451463 0.482401 0.032666 0.015296
0 0.414615 0.462629 0.034190 0.014433
2 0.507682 0.402448 0.035705 0.018183
1 0.469129 0.603054 0.030008 0.015874
1 0.384226 0.468544 0.031904 0.018183
1 0.467609 0.467392 0.026207 0.018762
1 0.479951 0.434196 0.028865 0.013565
1 0.583468 0.529159 0.026207 0.014723
1 0.565235 0.586312 0.026969 0.012414
